Project Name,Package Name,Type Name,Testability Smell,Cause of the Smell
crate,io.crate.operation.scalar,FormatFunction,Global State,The tool detected the smell in this class because the class declares global variables. The detected global variables are: NAME
crate,io.crate.operation.scalar,DateTruncFunction,Global State,The tool detected the smell in this class because the class declares global variables. The detected global variables are: NAME
crate,io.crate.operation.scalar,DateTruncFunction,Excessive Dependency,The tool detected the smell in this class because the class depends on too many dependencies. The total number of dependencies is: 10
crate,io.crate.operation.scalar,CollectionCountFunction,Global State,The tool detected the smell in this class because the class declares global variables. The detected global variables are: NAME
crate,io.crate.operation.scalar,SubstrFunction,Global State,The tool detected the smell in this class because the class declares global variables. The detected global variables are: NAME
crate,io.crate.operation.scalar,ArrayUniqueFunction,Global State,The tool detected the smell in this class because the class declares global variables. The detected global variables are: NAME
crate,io.crate.operation.scalar,ArrayUniqueFunction,Excessive Dependency,The tool detected the smell in this class because the class depends on too many dependencies. The total number of dependencies is: 8
crate,io.crate.operation.scalar,CollectionAverageFunction,Global State,The tool detected the smell in this class because the class declares global variables. The detected global variables are: NAME
crate,io.crate.operation.scalar,SubscriptObjectFunction,Global State,The tool detected the smell in this class because the class declares global variables. The detected global variables are: NAME
crate,io.crate.operation.scalar,SubscriptObjectFunction,Excessive Dependency,The tool detected the smell in this class because the class depends on too many dependencies. The total number of dependencies is: 8
crate,io.crate.operation.scalar,ExtractFunctions,Global State,The tool detected the smell in this class because the class declares global variables. The detected global variables are: GENERIC_NAME; GENERIC_INFO; INSTANCE; INSTANCE; INSTANCE; INFO; INSTANCE; INSTANCE; INSTANCE; INSTANCE; INSTANCE; INSTANCE
crate,io.crate.operation.scalar,ExtractFunctions,Excessive Dependency,The tool detected the smell in this class because the class depends on too many dependencies. The total number of dependencies is: 26
crate,io.crate.operation.scalar,ExtractFunctionResolver,Global State,The tool detected the smell in this class because the class declares global variables. The detected global variables are: INSTANCE
crate,io.crate.operation.scalar,ExtractFunction,Excessive Dependency,The tool detected the smell in this class because the class depends on too many dependencies. The total number of dependencies is: 10
crate,io.crate.operation.scalar,ExtractQuarter,Global State,The tool detected the smell in this class because the class declares global variables. The detected global variables are: INSTANCE
crate,io.crate.operation.scalar,ExtractMonth,Global State,The tool detected the smell in this class because the class declares global variables. The detected global variables are: INSTANCE
crate,io.crate.operation.scalar,ExtractWeek,Global State,The tool detected the smell in this class because the class declares global variables. The detected global variables are: INFO; INSTANCE
crate,io.crate.operation.scalar,ExtractDayOfMonth,Global State,The tool detected the smell in this class because the class declares global variables. The detected global variables are: INSTANCE
crate,io.crate.operation.scalar,ExtractDayOfWeek,Global State,The tool detected the smell in this class because the class declares global variables. The detected global variables are: INSTANCE
crate,io.crate.operation.scalar,ExtractSecond,Global State,The tool detected the smell in this class because the class declares global variables. The detected global variables are: INSTANCE
crate,io.crate.operation.scalar,ExtractMinute,Global State,The tool detected the smell in this class because the class declares global variables. The detected global variables are: INSTANCE
crate,io.crate.operation.scalar,ExtractHour,Global State,The tool detected the smell in this class because the class declares global variables. The detected global variables are: INSTANCE
crate,io.crate.operation.scalar,TimestampFormatter,Hard-wired Dependency,The tool detected the smell in this class because the class creates objects of concrete classes and uses them. Following concrete classes are instantiated and used: io.crate.operation.scalar.FormatTimestampPartFunction
crate,io.crate.operation.scalar,ArrayDifferenceFunction,Global State,The tool detected the smell in this class because the class declares global variables. The detected global variables are: NAME
crate,io.crate.operation.scalar,ArrayDifferenceFunction,Excessive Dependency,The tool detected the smell in this class because the class depends on too many dependencies. The total number of dependencies is: 9
crate,io.crate.operation.scalar,ScalarFunctionModule,Excessive Dependency,The tool detected the smell in this class because the class depends on too many dependencies. The total number of dependencies is: 48
crate,io.crate.operation.scalar,TimeZoneParser,Global State,The tool detected the smell in this class because the class declares global variables. The detected global variables are: DEFAULT_TZ; DEFAULT_TZ_LITERAL; DEFAULT_TZ_BYTES_REF
crate,io.crate.operation.scalar,ConcatFunction,Global State,The tool detected the smell in this class because the class declares global variables. The detected global variables are: NAME
crate,io.crate.operation.scalar,ConcatFunction,Excessive Dependency,The tool detected the smell in this class because the class depends on too many dependencies. The total number of dependencies is: 11
crate,io.crate.operation.scalar,SubscriptFunction,Global State,The tool detected the smell in this class because the class declares global variables. The detected global variables are: NAME
crate,io.crate.operation.scalar,ArrayCatFunction,Global State,The tool detected the smell in this class because the class declares global variables. The detected global variables are: NAME
crate,io.crate.operation.scalar,ArrayCatFunction,Excessive Dependency,The tool detected the smell in this class because the class depends on too many dependencies. The total number of dependencies is: 8
crate,io.crate.operation.scalar,DateFormatFunction,Global State,The tool detected the smell in this class because the class declares global variables. The detected global variables are: NAME; DEFAULT_FORMAT
crate,io.crate.operation.scalar,AbstractScalarFunctionsTest,Hard-wired Dependency,The tool detected the smell in this class because the class creates objects of concrete classes and uses them. Following concrete classes are instantiated and used: io.crate.operation.scalar.InputApplierContext
crate,io.crate.operation.scalar,AbstractScalarFunctionsTest,Excessive Dependency,The tool detected the smell in this class because the class depends on too many dependencies. The total number of dependencies is: 21
crate,io.crate.operation.scalar,InputApplier,Excessive Dependency,The tool detected the smell in this class because the class depends on too many dependencies. The total number of dependencies is: 8
crate,io.crate.operation.aggregation,HyperLogLogDistinctAggregationBenchmark,Excessive Dependency,The tool detected the smell in this class because the class depends on too many dependencies. The total number of dependencies is: 8
crate,io.crate.operation.aggregation,AggregationTest,Excessive Dependency,The tool detected the smell in this class because the class depends on too many dependencies. The total number of dependencies is: 10
crate,io.crate.operation.aggregation,HyperLogLogDistinctAggregation,Excessive Dependency,The tool detected the smell in this class because the class depends on too many dependencies. The total number of dependencies is: 23
crate,io.crate.operation.aggregation,HllState,Global State,The tool detected the smell in this class because the class can be accessed as a `global` state.
crate,io.crate.operation.aggregation,HllStateType,Global State,The tool detected the smell in this class because the class can be accessed as a `global` state.
crate,io.crate.operation.aggregation,Murmur3Hash,Excessive Dependency,The tool detected the smell in this class because the class depends on too many dependencies. The total number of dependencies is: 15
crate,io.crate.types,GeoShapeType,Global State,The tool detected the smell in this class because the class declares global variables. The detected global variables are: ID; INSTANCE
crate,io.crate.types,ShortType,Global State,The tool detected the smell in this class because the class declares global variables. The detected global variables are: INSTANCE; ID
crate,io.crate.types,NotSupportedType,Global State,The tool detected the smell in this class because the class declares global variables. The detected global variables are: INSTANCE; ID
crate,io.crate.types,IntegerType,Global State,The tool detected the smell in this class because the class declares global variables. The detected global variables are: INSTANCE; ID
crate,io.crate.types,ObjectType,Global State,The tool detected the smell in this class because the class declares global variables. The detected global variables are: INSTANCE; ID
crate,io.crate.types,FloatType,Global State,The tool detected the smell in this class because the class declares global variables. The detected global variables are: INSTANCE; ID
crate,io.crate.types,ArrayType,Global State,The tool detected the smell in this class because the class declares global variables. The detected global variables are: ID
crate,io.crate.types,BooleanType,Global State,The tool detected the smell in this class because the class declares global variables. The detected global variables are: ID; INSTANCE
crate,io.crate.types,SingleColumnTableType,Global State,The tool detected the smell in this class because the class declares global variables. The detected global variables are: ID
crate,io.crate.types,StringType,Global State,The tool detected the smell in this class because the class declares global variables. The detected global variables are: ID; INSTANCE; T; F
crate,io.crate.types,UndefinedType,Global State,The tool detected the smell in this class because the class declares global variables. The detected global variables are: ID; INSTANCE
crate,io.crate.types,DoubleType,Global State,The tool detected the smell in this class because the class declares global variables. The detected global variables are: INSTANCE; ID
crate,io.crate.types,GeoPointType,Global State,The tool detected the smell in this class because the class declares global variables. The detected global variables are: ID; INSTANCE; WKT_READER
crate,io.crate.types,ByteType,Global State,The tool detected the smell in this class because the class declares global variables. The detected global variables are: INSTANCE; ID
crate,io.crate.types,SetType,Global State,The tool detected the smell in this class because the class declares global variables. The detected global variables are: ID
crate,io.crate.types,TimestampType,Global State,The tool detected the smell in this class because the class declares global variables. The detected global variables are: INSTANCE; ID
crate,io.crate.types,IpType,Global State,The tool detected the smell in this class because the class declares global variables. The detected global variables are: ID; INSTANCE
crate,io.crate.types,DataTypes,Global State,The tool detected the smell in this class because the class declares global variables. The detected global variables are: UNDEFINED; NOT_SUPPORTED; BYTE; BOOLEAN; STRING; IP; DOUBLE; FLOAT; SHORT; INTEGER; LONG; TIMESTAMP; OBJECT; GEO_POINT; GEO_SHAPE; DOUBLE_ARRAY; OBJECT_ARRAY; STRING_ARRAY; PRIMITIVE_TYPES; NUMERIC_PRIMITIVE_TYPES
crate,io.crate.types,DataTypes,Excessive Dependency,The tool detected the smell in this class because the class depends on too many dependencies. The total number of dependencies is: 20
crate,io.crate.types,LongType,Global State,The tool detected the smell in this class because the class declares global variables. The detected global variables are: INSTANCE; ID
crate,io.crate.data,Row1,Global State,The tool detected the smell in this class because the class declares global variables. The detected global variables are: ERROR; ROW_COUNT_UNKNOWN
crate,io.crate.data,SentinelRow,Global State,The tool detected the smell in this class because the class declares global variables. The detected global variables are: SENTINEL
crate,io.crate.analyze,PreExecutionBenchmark,Excessive Dependency,The tool detected the smell in this class because the class depends on too many dependencies. The total number of dependencies is: 11
crate,io.crate.analyze,ShowStatementAnalyzer,Excessive Dependency,The tool detected the smell in this class because the class depends on too many dependencies. The total number of dependencies is: 12
crate,io.crate.analyze,AlterUserAnalyzer,Excessive Dependency,The tool detected the smell in this class because the class depends on too many dependencies. The total number of dependencies is: 12
crate,io.crate.analyze,AlterTableRerouteAnalyzer,Excessive Dependency,The tool detected the smell in this class because the class depends on too many dependencies. The total number of dependencies is: 13
crate,io.crate.analyze,PrivilegesAnalyzer,Excessive Dependency,The tool detected the smell in this class because the class depends on too many dependencies. The total number of dependencies is: 11
crate,io.crate.analyze,MultiSourceSelect,Excessive Dependency,The tool detected the smell in this class because the class depends on too many dependencies. The total number of dependencies is: 16
crate,io.crate.analyze,AnalyzedStatementVisitor,Excessive Dependency,The tool detected the smell in this class because the class depends on too many dependencies. The total number of dependencies is: 46
crate,io.crate.analyze,CopyAnalyzer,Excessive Dependency,The tool detected the smell in this class because the class depends on too many dependencies. The total number of dependencies is: 37
crate,io.crate.analyze,Rewriter,Hard-wired Dependency,The tool detected the smell in this class because the class creates objects of concrete classes and uses them. Following concrete classes are instantiated and used: io.crate.analyze.CollectFieldsToRemoveFromOutputs
crate,io.crate.analyze,Rewriter,Excessive Dependency,The tool detected the smell in this class because the class depends on too many dependencies. The total number of dependencies is: 19
crate,io.crate.analyze,NumberOfReplicas,Global State,The tool detected the smell in this class because the class declares global variables. The detected global variables are: NUMBER_OF_REPLICAS; AUTO_EXPAND_REPLICAS
crate,io.crate.analyze,InsertFromSubQueryAnalyzer,Excessive Dependency,The tool detected the smell in this class because the class depends on too many dependencies. The total number of dependencies is: 31
crate,io.crate.analyze,AlterTableAnalyzer,Excessive Dependency,The tool detected the smell in this class because the class depends on too many dependencies. The total number of dependencies is: 16
crate,io.crate.analyze,ParamTypeHints,Global State,The tool detected the smell in this class because the class declares global variables. The detected global variables are: EMPTY
crate,io.crate.analyze,CreateTableStatementAnalyzer,Global State,The tool detected the smell in this class because the class declares global variables. The detected global variables are: READ_ONLY_SCHEMAS
crate,io.crate.analyze,CreateTableStatementAnalyzer,Excessive Dependency,The tool detected the smell in this class because the class depends on too many dependencies. The total number of dependencies is: 23
crate,io.crate.analyze,ValuesAwareExpressionAnalyzer,Excessive Dependency,The tool detected the smell in this class because the class depends on too many dependencies. The total number of dependencies is: 12
crate,io.crate.analyze,AlterTableAddColumnAnalyzer,Excessive Dependency,The tool detected the smell in this class because the class depends on too many dependencies. The total number of dependencies is: 15
crate,io.crate.analyze,CreateBlobTableAnalyzer,Excessive Dependency,The tool detected the smell in this class because the class depends on too many dependencies. The total number of dependencies is: 8
crate,io.crate.analyze,TableIdentsExtractor,Hard-wired Dependency,The tool detected the smell in this class because the class creates objects of concrete classes and uses them. Following concrete classes are instantiated and used: io.crate.analyze.TableIdentSymbolVisitor
crate,io.crate.analyze,TableIdentsExtractor,Excessive Dependency,The tool detected the smell in this class because the class depends on too many dependencies. The total number of dependencies is: 23
crate,io.crate.analyze,TableIdentSymbolVisitor,Excessive Dependency,The tool detected the smell in this class because the class depends on too many dependencies. The total number of dependencies is: 14
crate,io.crate.analyze,TableIdentRelationVisitor,Excessive Dependency,The tool detected the smell in this class because the class depends on too many dependencies. The total number of dependencies is: 8
crate,io.crate.analyze,TablePropertiesAnalyzer,Global State,The tool detected the smell in this class because the class declares global variables. The detected global variables are: DEFAULT; DEFAULT; DEFAULT
crate,io.crate.analyze,TablePropertiesAnalyzer,Excessive Dependency,The tool detected the smell in this class because the class depends on too many dependencies. The total number of dependencies is: 14
crate,io.crate.analyze,RefreshIntervalSettingApplier,Global State,The tool detected the smell in this class because the class declares global variables. The detected global variables are: DEFAULT
crate,io.crate.analyze,RecoveryInitialShardsApplier,Global State,The tool detected the smell in this class because the class declares global variables. The detected global variables are: DEFAULT
crate,io.crate.analyze,NumberOfShardsSettingsApplier,Global State,The tool detected the smell in this class because the class declares global variables. The detected global variables are: DEFAULT
crate,io.crate.analyze,GeneratedColumnExpander,Hard-wired Dependency,The tool detected the smell in this class because the class creates objects of concrete classes and uses them. Following concrete classes are instantiated and used: io.crate.analyze.ComparisonReplaceVisitor
crate,io.crate.analyze,GeneratedColumnExpander,Excessive Dependency,The tool detected the smell in this class because the class depends on too many dependencies. The total number of dependencies is: 24
crate,io.crate.analyze,ComparisonReplaceVisitor,Excessive Dependency,The tool detected the smell in this class because the class depends on too many dependencies. The total number of dependencies is: 15
crate,io.crate.analyze,DeleteAnalyzer,Excessive Dependency,The tool detected the smell in this class because the class depends on too many dependencies. The total number of dependencies is: 15
crate,io.crate.analyze,InsertFromValuesAnalyzer,Excessive Dependency,The tool detected the smell in this class because the class depends on too many dependencies. The total number of dependencies is: 42
crate,io.crate.analyze,RestoreSnapshotAnalyzer,Excessive Dependency,The tool detected the smell in this class because the class depends on too many dependencies. The total number of dependencies is: 11
crate,io.crate.analyze,Analyzer,Excessive Dependency,The tool detected the smell in this class because the class depends on too many dependencies. The total number of dependencies is: 98
crate,io.crate.analyze,AnalyzerDispatcher,Excessive Dependency,The tool detected the smell in this class because the class depends on too many dependencies. The total number of dependencies is: 53
crate,io.crate.analyze,AlterBlobTableAnalyzer,Excessive Dependency,The tool detected the smell in this class because the class depends on too many dependencies. The total number of dependencies is: 9
crate,io.crate.analyze,TableParameterInfo,Global State,The tool detected the smell in this class because the class declares global variables. The detected global variables are: INSTANCE; NUMBER_OF_REPLICAS; AUTO_EXPAND_REPLICAS; REFRESH_INTERVAL; NUMBER_OF_SHARDS; READ_ONLY; BLOCKS_READ; BLOCKS_WRITE; BLOCKS_METADATA; SETTING_WAIT_FOR_ACTIVE_SHARDS; BLOBS_PATH; FLUSH_THRESHOLD_SIZE; TRANSLOG_DURABILITY; TRANSLOG_SYNC_INTERVAL; ROUTING_ALLOCATION_ENABLE; TOTAL_SHARDS_PER_NODE; MAPPING_TOTAL_FIELDS_LIMIT; ALLOCATION_MAX_RETRIES; RECOVERY_INITIAL_SHARDS; WARMER_ENABLED; UNASSIGNED_NODE_LEFT_DELAYED_TIMEOUT; COLUMN_POLICY
crate,io.crate.analyze,EvaluatingNormalizer,Excessive Dependency,The tool detected the smell in this class because the class depends on too many dependencies. The total number of dependencies is: 18
crate,io.crate.analyze,BaseVisitor,Excessive Dependency,The tool detected the smell in this class because the class depends on too many dependencies. The total number of dependencies is: 13
crate,io.crate.analyze,Relations,Excessive Dependency,The tool detected the smell in this class because the class depends on too many dependencies. The total number of dependencies is: 10
crate,io.crate.analyze,OptimizeTableAnalyzer,Excessive Dependency,The tool detected the smell in this class because the class depends on too many dependencies. The total number of dependencies is: 11
crate,io.crate.analyze,CreateSnapshotAnalyzer,Excessive Dependency,The tool detected the smell in this class because the class depends on too many dependencies. The total number of dependencies is: 11
crate,io.crate.analyze,RefreshTableAnalyzer,Excessive Dependency,The tool detected the smell in this class because the class depends on too many dependencies. The total number of dependencies is: 9
crate,io.crate.analyze,AlterTableOpenCloseAnalyzer,Excessive Dependency,The tool detected the smell in this class because the class depends on too many dependencies. The total number of dependencies is: 10
crate,io.crate.analyze,UpdateAnalyzer,Hard-wired Dependency,The tool detected the smell in this class because the class creates objects of concrete classes and uses them. Following concrete classes are instantiated and used: io.crate.analyze.AssignmentNameValidator
crate,io.crate.analyze,UpdateAnalyzer,Excessive Dependency,The tool detected the smell in this class because the class depends on too many dependencies. The total number of dependencies is: 28
crate,io.crate.analyze,InsertFromSubQueryAnalyzedStatement,Excessive Dependency,The tool detected the smell in this class because the class depends on too many dependencies. The total number of dependencies is: 13
crate,io.crate.analyze,QuerySpec,Excessive Dependency,The tool detected the smell in this class because the class depends on too many dependencies. The total number of dependencies is: 9
crate,io.crate.analyze,UnboundAnalyzer,Excessive Dependency,The tool detected the smell in this class because the class depends on too many dependencies. The total number of dependencies is: 27
crate,io.crate.analyze,UnboundDispatcher,Excessive Dependency,The tool detected the smell in this class because the class depends on too many dependencies. The total number of dependencies is: 24
crate,io.crate.analyze,QueriedTableRelation,Excessive Dependency,The tool detected the smell in this class because the class depends on too many dependencies. The total number of dependencies is: 10
crate,io.crate.analyze,NegativeLiteralVisitor,Excessive Dependency,The tool detected the smell in this class because the class depends on too many dependencies. The total number of dependencies is: 10
crate,io.crate.analyze,RestoreTableInfo,Global State,The tool detected the smell in this class because the class can be accessed as a `global` state.
crate,io.crate.analyze,SubscriptValidator,Hard-wired Dependency,The tool detected the smell in this class because the class creates objects of concrete classes and uses them. Following concrete classes are instantiated and used: io.crate.analyze.SubscriptIndexVisitor
crate,io.crate.analyze,SubscriptValidator,Excessive Dependency,The tool detected the smell in this class because the class depends on too many dependencies. The total number of dependencies is: 15
crate,io.crate.analyze,SubscriptNameVisitor,Excessive Dependency,The tool detected the smell in this class because the class depends on too many dependencies. The total number of dependencies is: 10
crate,io.crate.analyze,SetStatementAnalyzer,Hard-wired Dependency,The tool detected the smell in this class because the class creates objects of concrete classes and uses them. Following concrete classes are instantiated and used: io.crate.analyze.ExpressionToSettingNameListVisitor
crate,io.crate.analyze,SetStatementAnalyzer,Excessive Dependency,The tool detected the smell in this class because the class depends on too many dependencies. The total number of dependencies is: 13
crate,io.crate.analyze,CreateUserAnalyzer,Excessive Dependency,The tool detected the smell in this class because the class depends on too many dependencies. The total number of dependencies is: 11
crate,io.crate.analyze,PartitionedTableParameterInfo,Global State,The tool detected the smell in this class because the class declares global variables. The detected global variables are: INSTANCE
crate,io.crate.analyze,ParameterContext,Global State,The tool detected the smell in this class because the class declares global variables. The detected global variables are: EMPTY
crate,io.crate.analyze,WhereClause,Global State,The tool detected the smell in this class because the class declares global variables. The detected global variables are: MATCH_ALL; NO_MATCH
crate,io.crate.analyze,WhereClause,Excessive Dependency,The tool detected the smell in this class because the class depends on too many dependencies. The total number of dependencies is: 10
crate,io.crate.analyze,AnalyzedTableElements,Excessive Dependency,The tool detected the smell in this class because the class depends on too many dependencies. The total number of dependencies is: 17
crate,io.crate.analyze,TableElementsAnalyzer,Hard-wired Dependency,The tool detected the smell in this class because the class creates objects of concrete classes and uses them. Following concrete classes are instantiated and used: io.crate.analyze.InnerTableElementsAnalyzer
crate,io.crate.analyze,TableElementsAnalyzer,Excessive Dependency,The tool detected the smell in this class because the class depends on too many dependencies. The total number of dependencies is: 28
crate,io.crate.analyze,InnerTableElementsAnalyzer,Excessive Dependency,The tool detected the smell in this class because the class depends on too many dependencies. The total number of dependencies is: 21
crate,io.crate.analyze,ExplainStatementAnalyzer,Excessive Dependency,The tool detected the smell in this class because the class depends on too many dependencies. The total number of dependencies is: 10
crate,io.crate.analyze,SnapshotSettings,Global State,The tool detected the smell in this class because the class declares global variables. The detected global variables are: IGNORE_UNAVAILABLE; WAIT_FOR_COMPLETION
crate,io.crate.analyze,OptimizeSettings,Global State,The tool detected the smell in this class because the class declares global variables. The detected global variables are: MAX_NUM_SEGMENTS; ONLY_EXPUNGE_DELETES; FLUSH; UPGRADE_SEGMENTS
crate,io.crate.analyze,PartitionPropertiesAnalyzer,Excessive Dependency,The tool detected the smell in this class because the class depends on too many dependencies. The total number of dependencies is: 8
crate,io.crate.analyze,CreateAnalyzerStatementAnalyzer,Excessive Dependency,The tool detected the smell in this class because the class depends on too many dependencies. The total number of dependencies is: 15
crate,io.crate.analyze,MetaDataToASTNodeResolver,Hard-wired Dependency,The tool detected the smell in this class because the class creates objects of concrete classes and uses them. Following concrete classes are instantiated and used: io.crate.analyze.Extractor
crate,io.crate.analyze,MetaDataToASTNodeResolver,Excessive Dependency,The tool detected the smell in this class because the class depends on too many dependencies. The total number of dependencies is: 26
crate,io.crate.analyze,Extractor,Excessive Dependency,The tool detected the smell in this class because the class depends on too many dependencies. The total number of dependencies is: 25
crate,io.crate.analyze,AlterTableRerouteAnalyzerTest,Excessive Dependency,The tool detected the smell in this class because the class depends on too many dependencies. The total number of dependencies is: 9
crate,io.crate.analyze,ValueNormalizerTest,Excessive Dependency,The tool detected the smell in this class because the class depends on too many dependencies. The total number of dependencies is: 11
crate,io.crate.analyze,PrivilegesDCLAnalyzerTest,Excessive Dependency,The tool detected the smell in this class because the class depends on too many dependencies. The total number of dependencies is: 13
crate,io.crate.analyze,BlobTableAnalyzerTest,Excessive Dependency,The tool detected the smell in this class because the class depends on too many dependencies. The total number of dependencies is: 10
crate,io.crate.analyze,OptimizeTableAnalyzerTest,Excessive Dependency,The tool detected the smell in this class because the class depends on too many dependencies. The total number of dependencies is: 8
crate,io.crate.analyze,CopyAnalyzerTest,Excessive Dependency,The tool detected the smell in this class because the class depends on too many dependencies. The total number of dependencies is: 10
crate,io.crate.analyze,InsertFromValuesAnalyzerTest,Excessive Dependency,The tool detected the smell in this class because the class depends on too many dependencies. The total number of dependencies is: 17
crate,io.crate.analyze,MetaDataToASTNodeResolverTest,Excessive Dependency,The tool detected the smell in this class because the class depends on too many dependencies. The total number of dependencies is: 15
crate,io.crate.analyze,SelectStatementAnalyzerTest,Excessive Dependency,The tool detected the smell in this class because the class depends on too many dependencies. The total number of dependencies is: 39
crate,io.crate.analyze,DropTableAnalyzerTest,Excessive Dependency,The tool detected the smell in this class because the class depends on too many dependencies. The total number of dependencies is: 9
crate,io.crate.analyze,CreateAlterPartitionedTableAnalyzerTest,Excessive Dependency,The tool detected the smell in this class because the class depends on too many dependencies. The total number of dependencies is: 10
crate,io.crate.analyze,CreateAlterTableStatementAnalyzerTest,Excessive Dependency,The tool detected the smell in this class because the class depends on too many dependencies. The total number of dependencies is: 20
crate,io.crate.analyze,CreateFunctionAnalyzerTest,Excessive Dependency,The tool detected the smell in this class because the class depends on too many dependencies. The total number of dependencies is: 9
crate,io.crate.analyze,SnapshotRestoreAnalyzerTest,Excessive Dependency,The tool detected the smell in this class because the class depends on too many dependencies. The total number of dependencies is: 17
crate,io.crate.analyze,GroupByAnalyzerTest,Excessive Dependency,The tool detected the smell in this class because the class depends on too many dependencies. The total number of dependencies is: 16
crate,io.crate.analyze,TableDefinitions,Global State,The tool detected the smell in this class because the class declares global variables. The detected global variables are: SHARD_ROUTING; USER_TABLE_IDENT; USER_TABLE_INFO; USER_TABLE_IDENT_MULTI_PK; USER_TABLE_INFO_MULTI_PK; USER_TABLE_IDENT_CLUSTERED_BY_ONLY; USER_TABLE_INFO_CLUSTERED_BY_ONLY; USER_TABLE_INFO_REFRESH_INTERVAL_BY_ONLY; NESTED_PK_TABLE_INFO; TEST_PARTITIONED_TABLE_IDENT; TEST_PARTITIONED_TABLE_INFO; TEST_EMPTY_PARTITIONED_TABLE_IDENT; TEST_EMPTY_PARTITIONED_TABLE_INFO; PARTED_PKS_IDENT; PARTED_PKS_TI; TEST_MULTIPLE_PARTITIONED_TABLE_IDENT; TEST_MULTIPLE_PARTITIONED_TABLE_INFO; TEST_NESTED_PARTITIONED_TABLE_INFO; TEST_DOC_TRANSACTIONS_TABLE_IDENT; TEST_DOC_TRANSACTIONS_TABLE_INFO; DEEPLY_NESTED_TABLE_IDENT; DEEPLY_NESTED_TABLE_INFO; IGNORED_NESTED_TABLE_IDENT; IGNORED_NESTED_TABLE_INFO; TEST_DOC_LOCATIONS_TABLE_IDENT; TEST_DOC_LOCATIONS_TABLE_INFO; TEST_CLUSTER_BY_STRING_TABLE_INFO; CLUSTERED_PARTED_IDENT; CLUSTERED_PARTED
crate,io.crate.analyze,TableDefinitions,Excessive Dependency,The tool detected the smell in this class because the class depends on too many dependencies. The total number of dependencies is: 9
crate,io.crate.analyze,CompoundLiteralTest,Excessive Dependency,The tool detected the smell in this class because the class depends on too many dependencies. The total number of dependencies is: 10
crate,io.crate.analyze,UpdateAnalyzerTest,Excessive Dependency,The tool detected the smell in this class because the class depends on too many dependencies. The total number of dependencies is: 23
crate,io.crate.analyze,InsertFromSubQueryAnalyzerTest,Excessive Dependency,The tool detected the smell in this class because the class depends on too many dependencies. The total number of dependencies is: 15
crate,io.crate.analyze,EvaluatingNormalizerTest,Excessive Dependency,The tool detected the smell in this class because the class depends on too many dependencies. The total number of dependencies is: 17
crate,io.crate.analyze,DeleteAnalyzerTest,Excessive Dependency,The tool detected the smell in this class because the class depends on too many dependencies. The total number of dependencies is: 8
crate,io.crate.analyze,MqttAnalyzerTest,Excessive Dependency,The tool detected the smell in this class because the class depends on too many dependencies. The total number of dependencies is: 9
crate,io.crate.execution.jobs,ContextPreparer,Hard-wired Dependency,The tool detected the smell in this class because the class creates objects of concrete classes and uses them. Following concrete classes are instantiated and used: io.crate.execution.jobs.PreparerContext; io.crate.execution.jobs.NodeOperationCtx; io.crate.execution.jobs.InnerPreparer
crate,io.crate.execution.jobs,ContextPreparer,Excessive Dependency,The tool detected the smell in this class because the class depends on too many dependencies. The total number of dependencies is: 43
crate,io.crate.execution.jobs,PreparerContext,Excessive Dependency,The tool detected the smell in this class because the class depends on too many dependencies. The total number of dependencies is: 12
crate,io.crate.execution.jobs,InnerPreparer,Excessive Dependency,The tool detected the smell in this class because the class depends on too many dependencies. The total number of dependencies is: 19
crate,io.crate.execution.jobs,NodeJobsCounter,Global State,The tool detected the smell in this class because the class declares global variables. The detected global variables are: MAX_NODE_CONCURRENT_OPERATIONS
crate,io.crate.execution.jobs,PageDownstreamContext,Excessive Dependency,The tool detected the smell in this class because the class depends on too many dependencies. The total number of dependencies is: 8
crate,io.crate.execution.jobs,SharedShardContext,Hard-wired Dependency,The tool detected the smell in this class because the class creates objects of concrete classes and uses them. Following concrete classes are instantiated and used: io.crate.execution.jobs.RefCountSearcher
crate,io.crate.execution.jobs,Builder,Global State,The tool detected the smell in this class because the class can be accessed as a `global` state.
crate,io.crate.execution.jobs,AbstractExecutionSubContextTest,Hard-wired Dependency,The tool detected the smell in this class because the class creates objects of concrete classes and uses them. Following concrete classes are instantiated and used: io.crate.execution.jobs.TestingExecutionSubContext
crate,io.crate.execution.jobs,TestingExecutionSubContext,Global State,The tool detected the smell in this class because the class can be accessed as a `global` state.
crate,io.crate.execution.jobs,PageDownstreamContextTest,Excessive Dependency,The tool detected the smell in this class because the class depends on too many dependencies. The total number of dependencies is: 10
crate,io.crate.execution.jobs,JobExecutionContextTest,Excessive Dependency,The tool detected the smell in this class because the class depends on too many dependencies. The total number of dependencies is: 16
crate,io.crate.execution.engine.collect.collectors,LuceneBatchIteratorBenchmark,Global State,The tool detected the smell in this class because the class declares global variables. The detected global variables are: RAM_ACCOUNTING_CONTEXT
crate,io.crate.execution.engine.collect.collectors,OrderedLuceneBatchIteratorBenchmark,Excessive Dependency,The tool detected the smell in this class because the class depends on too many dependencies. The total number of dependencies is: 10
crate,io.crate.execution.engine.collect.collectors,LuceneBatchIterator,Excessive Dependency,The tool detected the smell in this class because the class depends on too many dependencies. The total number of dependencies is: 8
crate,io.crate.execution.engine.collect.collectors,NodeStatsIterator,Hard-wired Dependency,The tool detected the smell in this class because the class creates objects of concrete classes and uses them. Following concrete classes are instantiated and used: io.crate.execution.engine.collect.collectors.TopLevelColumnIdentExtractor
crate,io.crate.execution.engine.collect.collectors,NodeStatsIterator,Excessive Dependency,The tool detected the smell in this class because the class depends on too many dependencies. The total number of dependencies is: 13
crate,io.crate.execution.engine.collect.collectors,RemoteCollector,Excessive Dependency,The tool detected the smell in this class because the class depends on too many dependencies. The total number of dependencies is: 11
crate,io.crate.execution.engine.collect.collectors,LuceneOrderedDocCollectorTest,Excessive Dependency,The tool detected the smell in this class because the class depends on too many dependencies. The total number of dependencies is: 10
crate,io.crate.execution.engine.collect.collectors,OrderedLuceneBatchIteratorFactoryTest,Excessive Dependency,The tool detected the smell in this class because the class depends on too many dependencies. The total number of dependencies is: 8
crate,io.crate.execution.engine.collect.collectors,RemoteCollectorTest,Excessive Dependency,The tool detected the smell in this class because the class depends on too many dependencies. The total number of dependencies is: 13
crate,io.crate.execution.engine.collect.collectors,NodeStatsIteratorTest,Excessive Dependency,The tool detected the smell in this class because the class depends on too many dependencies. The total number of dependencies is: 11
crate,io.crate.execution.engine.aggregation,GroupingBytesRefCollectorBenchmark,Excessive Dependency,The tool detected the smell in this class because the class depends on too many dependencies. The total number of dependencies is: 12
crate,io.crate.execution.engine.aggregation,GroupingIntegerCollectorBenchmark,Excessive Dependency,The tool detected the smell in this class because the class depends on too many dependencies. The total number of dependencies is: 12
crate,io.crate.execution.engine.aggregation,AggregationPipe,Excessive Dependency,The tool detected the smell in this class because the class depends on too many dependencies. The total number of dependencies is: 8
crate,io.crate.execution.engine.aggregation,GroupingCollector,Excessive Dependency,The tool detected the smell in this class because the class depends on too many dependencies. The total number of dependencies is: 10
crate,io.crate.execution.engine.aggregation,GroupingProjector,Excessive Dependency,The tool detected the smell in this class because the class depends on too many dependencies. The total number of dependencies is: 10
crate,io.crate.execution.engine.distribution.merge,RamAccountingPageIteratorTest,Excessive Dependency,The tool detected the smell in this class because the class depends on too many dependencies. The total number of dependencies is: 12
crate,io.crate.execution.engine.distribution.merge,SortedPagingIteratorTest,Global State,The tool detected the smell in this class because the class declares global variables. The detected global variables are: ORDERING
crate,io.crate.lucene,LuceneQueryBuilder,Hard-wired Dependency,The tool detected the smell in this class because the class creates objects of concrete classes and uses them. Following concrete classes are instantiated and used: io.crate.lucene.RegexpMatchQuery; io.crate.lucene.WithinQuery; io.crate.lucene.Context; io.crate.lucene.LikeQuery; io.crate.lucene.ToMatchQuery; io.crate.lucene.SymbolToNotNullContext; io.crate.lucene.Visitor; io.crate.lucene.RangeQuery; io.crate.lucene.RefLiteralPair; io.crate.lucene.FunctionLiteralPair; io.crate.lucene.SymbolToNotNullRangeQueryArgs
crate,io.crate.lucene,LuceneQueryBuilder,Excessive Dependency,The tool detected the smell in this class because the class depends on too many dependencies. The total number of dependencies is: 69
crate,io.crate.lucene,Context,Global State,The tool detected the smell in this class because the class can be accessed as a `global` state.
crate,io.crate.lucene,Visitor,Hard-wired Dependency,The tool detected the smell in this class because the class creates objects of concrete classes and uses them. Following concrete classes are instantiated and used: io.crate.lucene.RangeQuery; io.crate.lucene.RefLiteralPair; io.crate.lucene.RegexpMatchQuery; io.crate.lucene.WithinQuery; io.crate.lucene.FunctionLiteralPair; io.crate.lucene.LikeQuery; io.crate.lucene.ToMatchQuery; io.crate.lucene.SymbolToNotNullContext; io.crate.lucene.SymbolToNotNullRangeQueryArgs
crate,io.crate.lucene,Visitor,Excessive Dependency,The tool detected the smell in this class because the class depends on too many dependencies. The total number of dependencies is: 64
crate,io.crate.lucene,NotQuery,Hard-wired Dependency,The tool detected the smell in this class because the class creates objects of concrete classes and uses them. Following concrete classes are instantiated and used: io.crate.lucene.SymbolToNotNullContext; io.crate.lucene.SymbolToNotNullRangeQueryArgs
crate,io.crate.lucene,NotQuery,Excessive Dependency,The tool detected the smell in this class because the class depends on too many dependencies. The total number of dependencies is: 18
crate,io.crate.lucene,SymbolToNotNullRangeQueryArgs,Excessive Dependency,The tool detected the smell in this class because the class depends on too many dependencies. The total number of dependencies is: 12
crate,io.crate.lucene,AnyRangeQuery,Hard-wired Dependency,The tool detected the smell in this class because the class creates objects of concrete classes and uses them. Following concrete classes are instantiated and used: io.crate.lucene.RangeQuery
crate,io.crate.lucene,WithinQuery,Hard-wired Dependency,The tool detected the smell in this class because the class creates objects of concrete classes and uses them. Following concrete classes are instantiated and used: io.crate.lucene.RefLiteralPair; io.crate.lucene.FunctionLiteralPair
crate,io.crate.lucene,WithinQuery,Excessive Dependency,The tool detected the smell in this class because the class depends on too many dependencies. The total number of dependencies is: 8
crate,io.crate.lucene,DistanceQuery,Hard-wired Dependency,The tool detected the smell in this class because the class creates objects of concrete classes and uses them. Following concrete classes are instantiated and used: io.crate.lucene.RefLiteralPair; io.crate.lucene.FunctionLiteralPair
crate,io.crate.lucene,DistanceQuery,Excessive Dependency,The tool detected the smell in this class because the class depends on too many dependencies. The total number of dependencies is: 14
crate,io.crate.lucene,CommonQueryBuilderTest,Excessive Dependency,The tool detected the smell in this class because the class depends on too many dependencies. The total number of dependencies is: 12
crate,io.crate.lucene,LuceneQueryBuilderTest,Excessive Dependency,The tool detected the smell in this class because the class depends on too many dependencies. The total number of dependencies is: 12
crate,io.crate.lucene.match,CrateRegexCapabilities,Global State,The tool detected the smell in this class because the class declares global variables. The detected global variables are: FLAG_UNICODE_CASE; FLAG_CASE_INSENSITIVE
crate,io.crate.action.sql,Option,Global State,The tool detected the smell in this class because the class declares global variables. The detected global variables are: NONE
crate,io.crate.action.sql,Session,Hard-wired Dependency,The tool detected the smell in this class because the class creates objects of concrete classes and uses them. Following concrete classes are instantiated and used: io.crate.action.sql.ParameterTypeExtractor
crate,io.crate.action.sql,Session,Global State,The tool detected the smell in this class because the class declares global variables. The detected global variables are: UNNAMED
crate,io.crate.action.sql,Session,Excessive Dependency,The tool detected the smell in this class because the class depends on too many dependencies. The total number of dependencies is: 19
crate,io.crate.action.sql,DescribeResult,Global State,The tool detected the smell in this class because the class can be accessed as a `global` state.
crate,io.crate.action.sql,SQLOperations,Global State,The tool detected the smell in this class because the class declares global variables. The detected global variables are: NODE_READ_ONLY_SETTING
crate,io.crate.action.sql,SQLOperations,Excessive Dependency,The tool detected the smell in this class because the class depends on too many dependencies. The total number of dependencies is: 10
crate,io.crate.action.sql,SQLDirectExecutor,Global State,The tool detected the smell in this class because the class can be accessed as a `global` state.
crate,io.crate.action.sql,DCLStatementDispatcher,Hard-wired Dependency,The tool detected the smell in this class because the class creates objects of concrete classes and uses them. Following concrete classes are instantiated and used: io.crate.action.sql.InnerVisitor
crate,io.crate.action.sql,DCLStatementDispatcher,Excessive Dependency,The tool detected the smell in this class because the class depends on too many dependencies. The total number of dependencies is: 18
crate,io.crate.action.sql,InnerVisitor,Excessive Dependency,The tool detected the smell in this class because the class depends on too many dependencies. The total number of dependencies is: 10
crate,io.crate.action.sql,SessionTest,Excessive Dependency,The tool detected the smell in this class because the class depends on too many dependencies. The total number of dependencies is: 11
crate,io.crate.exceptions,JobKilledException,Global State,The tool detected the smell in this class because the class declares global variables. The detected global variables are: MESSAGE
crate,io.crate.exceptions,VersionInvalidException,Global State,The tool detected the smell in this class because the class declares global variables. The detected global variables are: ERROR_MSG
crate,io.crate.operation.scalar.timestamp,CurrentTimestampFunction,Global State,The tool detected the smell in this class because the class declares global variables. The detected global variables are: NAME; DEFAULT_PRECISION; INFO
crate,io.crate.operation.scalar.timestamp,CurrentTimestampFunction,Excessive Dependency,The tool detected the smell in this class because the class depends on too many dependencies. The total number of dependencies is: 8
crate,io.crate.operation.scalar.postgres,PgBackendPidFunction,Global State,The tool detected the smell in this class because the class declares global variables. The detected global variables are: NAME; INFO
crate,io.crate.operation.scalar.cast,CastFunctionResolver,Global State,The tool detected the smell in this class because the class declares global variables. The detected global variables are: TRY_CAST_PREFIX; TO_STRING; TO_INTEGER; TO_LONG; TO_TIMESTAMP; TO_DOUBLE; TO_BOOLEAN; TO_FLOAT; TO_BYTE; TO_SHORT; TO_IP; TO_OBJECT; TO_STRING_ARRAY; TO_LONG_ARRAY; TO_INTEGER_ARRAY; TO_DOUBLE_ARRAY; TO_BOOLEAN_ARRAY; TO_BYTE_ARRAY; TO_FLOAT_ARRAY; TO_SHORT_ARRAY; TO_IP_ARRAY; TO_TIMESTAMP_ARRAY; TO_GEO_POINT; TO_GEO_SHAPE
crate,io.crate.operation.scalar.cast,FunctionNames,Global State,The tool detected the smell in this class because the class can be accessed as a `global` state.
crate,io.crate.operation.scalar.cast,FunctionNames,Global State,The tool detected the smell in this class because the class declares global variables. The detected global variables are: TO_STRING; TO_INTEGER; TO_LONG; TO_TIMESTAMP; TO_DOUBLE; TO_BOOLEAN; TO_FLOAT; TO_BYTE; TO_SHORT; TO_IP; TO_OBJECT; TO_STRING_ARRAY; TO_LONG_ARRAY; TO_INTEGER_ARRAY; TO_DOUBLE_ARRAY; TO_BOOLEAN_ARRAY; TO_BYTE_ARRAY; TO_FLOAT_ARRAY; TO_SHORT_ARRAY; TO_IP_ARRAY; TO_TIMESTAMP_ARRAY; TO_GEO_POINT; TO_GEO_SHAPE
crate,io.crate.operation.scalar.cast,CastFunction,Excessive Dependency,The tool detected the smell in this class because the class depends on too many dependencies. The total number of dependencies is: 11
crate,io.crate.operation.scalar.geo,IntersectsFunction,Global State,The tool detected the smell in this class because the class declares global variables. The detected global variables are: NAME
crate,io.crate.operation.scalar.geo,IntersectsFunction,Excessive Dependency,The tool detected the smell in this class because the class depends on too many dependencies. The total number of dependencies is: 10
crate,io.crate.operation.scalar.geo,DistanceFunction,Global State,The tool detected the smell in this class because the class declares global variables. The detected global variables are: NAME
crate,io.crate.operation.scalar.geo,DistanceFunction,Excessive Dependency,The tool detected the smell in this class because the class depends on too many dependencies. The total number of dependencies is: 12
crate,io.crate.operation.scalar.geo,WithinFunction,Global State,The tool detected the smell in this class because the class declares global variables. The detected global variables are: NAME
crate,io.crate.operation.scalar.geo,WithinFunction,Excessive Dependency,The tool detected the smell in this class because the class depends on too many dependencies. The total number of dependencies is: 10
crate,io.crate.operation.scalar.arithmetic,CeilFunction,Global State,The tool detected the smell in this class because the class declares global variables. The detected global variables are: NAME
crate,io.crate.operation.scalar.arithmetic,ArrayFunction,Global State,The tool detected the smell in this class because the class declares global variables. The detected global variables are: NAME
crate,io.crate.operation.scalar.arithmetic,AbsFunction,Global State,The tool detected the smell in this class because the class declares global variables. The detected global variables are: NAME
crate,io.crate.operation.scalar.arithmetic,RandomFunction,Global State,The tool detected the smell in this class because the class declares global variables. The detected global variables are: NAME
crate,io.crate.operation.scalar.arithmetic,SquareRootFunction,Global State,The tool detected the smell in this class because the class declares global variables. The detected global variables are: NAME
crate,io.crate.operation.scalar.arithmetic,ArithmeticFunctions,Global State,The tool detected the smell in this class because the class declares global variables. The detected global variables are: ADD; SUBTRACT; MULTIPLY; DIVIDE; POWER; MODULUS
crate,io.crate.operation.scalar.arithmetic,ArithmeticFunctions,Excessive Dependency,The tool detected the smell in this class because the class depends on too many dependencies. The total number of dependencies is: 17
crate,io.crate.operation.scalar.arithmetic,Names,Global State,The tool detected the smell in this class because the class can be accessed as a `global` state.
crate,io.crate.operation.scalar.arithmetic,Names,Global State,The tool detected the smell in this class because the class declares global variables. The detected global variables are: ADD; SUBTRACT; MULTIPLY; DIVIDE; POWER; MODULUS
crate,io.crate.operation.scalar.arithmetic,ArithmeticFunctionResolver,Excessive Dependency,The tool detected the smell in this class because the class depends on too many dependencies. The total number of dependencies is: 13
crate,io.crate.operation.scalar.arithmetic,NegateFunction,Excessive Dependency,The tool detected the smell in this class because the class depends on too many dependencies. The total number of dependencies is: 20
crate,io.crate.operation.scalar.arithmetic,LogFunction,Global State,The tool detected the smell in this class because the class declares global variables. The detected global variables are: NAME; NAME
crate,io.crate.operation.scalar.arithmetic,LnFunction,Global State,The tool detected the smell in this class because the class can be accessed as a `global` state.
crate,io.crate.operation.scalar.arithmetic,LnFunction,Global State,The tool detected the smell in this class because the class declares global variables. The detected global variables are: NAME
crate,io.crate.operation.scalar.arithmetic,FloorFunction,Global State,The tool detected the smell in this class because the class declares global variables. The detected global variables are: NAME
crate,io.crate.operation.scalar.arithmetic,MapFunction,Global State,The tool detected the smell in this class because the class declares global variables. The detected global variables are: NAME
crate,io.crate.operation.scalar.arithmetic,RoundFunction,Global State,The tool detected the smell in this class because the class declares global variables. The detected global variables are: NAME
crate,io.crate.operation.scalar.arithmetic,LogFunctionTest,Excessive Dependency,The tool detected the smell in this class because the class depends on too many dependencies. The total number of dependencies is: 8
crate,io.crate.operation.scalar.regex,RegexMatcher,Global State,The tool detected the smell in this class because the class declares global variables. The detected global variables are: character_classes; boundary_matchers; embedded_flags; escape_sequences_pattern; embedded_flags_pattern; pcre_pattern
crate,io.crate.operation.scalar.regex,ReplaceFunction,Global State,The tool detected the smell in this class because the class declares global variables. The detected global variables are: NAME
crate,io.crate.operation.scalar.regex,ReplaceFunction,Excessive Dependency,The tool detected the smell in this class because the class depends on too many dependencies. The total number of dependencies is: 11
crate,io.crate.operation.scalar.regex,MatchesFunction,Global State,The tool detected the smell in this class because the class declares global variables. The detected global variables are: NAME
crate,io.crate.operation.scalar.regex,MatchesFunction,Excessive Dependency,The tool detected the smell in this class because the class depends on too many dependencies. The total number of dependencies is: 13
crate,io.crate.operation.scalar.conditional,GreatestFunction,Global State,The tool detected the smell in this class because the class declares global variables. The detected global variables are: NAME
crate,io.crate.operation.scalar.conditional,LeastFunction,Global State,The tool detected the smell in this class because the class declares global variables. The detected global variables are: NAME; TWO_LONG_INFO
crate,io.crate.operation.scalar.conditional,CoalesceFunction,Global State,The tool detected the smell in this class because the class declares global variables. The detected global variables are: NAME
crate,io.crate.operation.scalar.conditional,NullIfFunction,Global State,The tool detected the smell in this class because the class declares global variables. The detected global variables are: NAME
crate,io.crate.operation.scalar.conditional,IfFunction,Global State,The tool detected the smell in this class because the class declares global variables. The detected global variables are: NAME
crate,io.crate.operation.scalar.systeminformation,CurrentSchemaFunction,Global State,The tool detected the smell in this class because the class declares global variables. The detected global variables are: NAME; INFO
crate,io.crate.operation,InputFactory,Excessive Dependency,The tool detected the smell in this class because the class depends on too many dependencies. The total number of dependencies is: 14
crate,io.crate.operation,Context,Global State,The tool detected the smell in this class because the class can be accessed as a `global` state.
crate,io.crate.operation,ContextInputAware,Global State,The tool detected the smell in this class because the class can be accessed as a `global` state.
crate,io.crate.operation,BaseImplementationSymbolVisitor,Excessive Dependency,The tool detected the smell in this class because the class depends on too many dependencies. The total number of dependencies is: 10
crate,io.crate.operation,Inputs,Global State,The tool detected the smell in this class because the class declares global variables. The detected global variables are: TO_BYTES_REF
crate,io.crate.operation,InputFactoryTest,Excessive Dependency,The tool detected the smell in this class because the class depends on too many dependencies. The total number of dependencies is: 13
crate,io.crate.operation.operator,LikeOperator,Global State,The tool detected the smell in this class because the class declares global variables. The detected global variables are: NAME; DEFAULT_ESCAPE
crate,io.crate.operation.operator,RegexpMatchCaseInsensitiveOperator,Global State,The tool detected the smell in this class because the class declares global variables. The detected global variables are: NAME; INFO
crate,io.crate.operation.operator,OperatorModule,Excessive Dependency,The tool detected the smell in this class because the class depends on too many dependencies. The total number of dependencies is: 21
crate,io.crate.operation.operator,LteOperator,Global State,The tool detected the smell in this class because the class declares global variables. The detected global variables are: NAME
crate,io.crate.operation.operator,GteOperator,Global State,The tool detected the smell in this class because the class declares global variables. The detected global variables are: NAME
crate,io.crate.operation.operator,OrOperator,Global State,The tool detected the smell in this class because the class declares global variables. The detected global variables are: NAME; INFO
crate,io.crate.operation.operator,OrOperator,Excessive Dependency,The tool detected the smell in this class because the class depends on too many dependencies. The total number of dependencies is: 8
crate,io.crate.operation.operator,RegexpMatchOperator,Global State,The tool detected the smell in this class because the class declares global variables. The detected global variables are: NAME; INFO
crate,io.crate.operation.operator,Operators,Global State,The tool detected the smell in this class because the class declares global variables. The detected global variables are: LOGICAL_OPERATORS; COMPARISON_OPERATORS
crate,io.crate.operation.operator,Operators,Excessive Dependency,The tool detected the smell in this class because the class depends on too many dependencies. The total number of dependencies is: 8
crate,io.crate.operation.operator,LtOperator,Global State,The tool detected the smell in this class because the class declares global variables. The detected global variables are: NAME
crate,io.crate.operation.operator,Operator,Global State,The tool detected the smell in this class because the class declares global variables. The detected global variables are: RETURN_TYPE; PREFIX
crate,io.crate.operation.operator,GtOperator,Global State,The tool detected the smell in this class because the class declares global variables. The detected global variables are: NAME
crate,io.crate.operation.operator,EqOperator,Global State,The tool detected the smell in this class because the class declares global variables. The detected global variables are: NAME
crate,io.crate.operation.operator,EqOperator,Excessive Dependency,The tool detected the smell in this class because the class depends on too many dependencies. The total number of dependencies is: 9
crate,io.crate.operation.operator,AndOperator,Global State,The tool detected the smell in this class because the class declares global variables. The detected global variables are: NAME; INFO
crate,io.crate.operation.operator,AndOperator,Excessive Dependency,The tool detected the smell in this class because the class depends on too many dependencies. The total number of dependencies is: 8
crate,io.crate.operation.operator.any,AnyEqOperator,Global State,The tool detected the smell in this class because the class declares global variables. The detected global variables are: NAME
crate,io.crate.operation.operator.any,AnyLteOperator,Global State,The tool detected the smell in this class because the class declares global variables. The detected global variables are: NAME
crate,io.crate.operation.operator.any,AnyNeqOperator,Global State,The tool detected the smell in this class because the class declares global variables. The detected global variables are: NAME
crate,io.crate.operation.operator.any,AnyNotLikeOperator,Global State,The tool detected the smell in this class because the class declares global variables. The detected global variables are: NAME
crate,io.crate.operation.operator.any,AnyOperator,Global State,The tool detected the smell in this class because the class declares global variables. The detected global variables are: OPERATOR_PREFIX
crate,io.crate.operation.operator.any,AnyOperator,Excessive Dependency,The tool detected the smell in this class because the class depends on too many dependencies. The total number of dependencies is: 9
crate,io.crate.operation.operator.any,AnyResolver,Global State,The tool detected the smell in this class because the class can be accessed as a `global` state.
crate,io.crate.operation.operator.any,AnyGtOperator,Global State,The tool detected the smell in this class because the class declares global variables. The detected global variables are: NAME
crate,io.crate.operation.operator.any,AnyGteOperator,Global State,The tool detected the smell in this class because the class declares global variables. The detected global variables are: NAME
crate,io.crate.operation.operator.any,AnyLikeOperator,Global State,The tool detected the smell in this class because the class declares global variables. The detected global variables are: NAME
crate,io.crate.operation.operator.any,AnyLtOperator,Global State,The tool detected the smell in this class because the class declares global variables. The detected global variables are: NAME
crate,io.crate.operation.udf,UserDefinedFunctionDDLClient,Excessive Dependency,The tool detected the smell in this class because the class depends on too many dependencies. The total number of dependencies is: 10
crate,io.crate.operation.udf,UserDefinedFunctionsMetaData,Global State,The tool detected the smell in this class because the class declares global variables. The detected global variables are: TYPE
crate,io.crate.operation.udf,DataTypeXContent,Global State,The tool detected the smell in this class because the class can be accessed as a `global` state.
crate,io.crate.operation.udf,UdfUnitTest,Global State,The tool detected the smell in this class because the class declares global variables. The detected global variables are: RESULT
crate,io.crate.operation.udf,DummyFunction,Global State,The tool detected the smell in this class because the class declares global variables. The detected global variables are: RESULT
crate,io.crate.operation.projectors,ProjectionToProjectorVisitor,Excessive Dependency,The tool detected the smell in this class because the class depends on too many dependencies. The total number of dependencies is: 44
crate,io.crate.operation.projectors,TopN,Global State,The tool detected the smell in this class because the class declares global variables. The detected global variables are: NO_OFFSET; NO_LIMIT
crate,io.crate.operation.projectors,ProjectingRowConsumerTest,Excessive Dependency,The tool detected the smell in this class because the class depends on too many dependencies. The total number of dependencies is: 21
crate,io.crate.operation.projectors,ProjectionToProjectorVisitorTest,Excessive Dependency,The tool detected the smell in this class because the class depends on too many dependencies. The total number of dependencies is: 32
crate,io.crate.operation.projectors,SimpleTopNProjectorTest,Excessive Dependency,The tool detected the smell in this class because the class depends on too many dependencies. The total number of dependencies is: 9
crate,io.crate.operation.user,UserManagerService,Global State,The tool detected the smell in this class because the class declares global variables. The detected global variables are: CRATE_USER
crate,io.crate.operation.user,UserManagerService,Excessive Dependency,The tool detected the smell in this class because the class depends on too many dependencies. The total number of dependencies is: 16
crate,io.crate.operation.user,StatementPrivilegeValidator,Hard-wired Dependency,The tool detected the smell in this class because the class creates objects of concrete classes and uses them. Following concrete classes are instantiated and used: io.crate.operation.user.StatementVisitor
crate,io.crate.operation.user,StatementPrivilegeValidator,Excessive Dependency,The tool detected the smell in this class because the class depends on too many dependencies. The total number of dependencies is: 58
crate,io.crate.operation.user,StatementVisitor,Excessive Dependency,The tool detected the smell in this class because the class depends on too many dependencies. The total number of dependencies is: 49
crate,io.crate.operation.user,RelationVisitor,Excessive Dependency,The tool detected the smell in this class because the class depends on too many dependencies. The total number of dependencies is: 11
crate,io.crate.operation.user,ExceptionPrivilegeValidator,Excessive Dependency,The tool detected the smell in this class because the class depends on too many dependencies. The total number of dependencies is: 9
crate,io.crate.operation.user,Visitor,Excessive Dependency,The tool detected the smell in this class because the class depends on too many dependencies. The total number of dependencies is: 8
crate,io.crate.operation.user,StatementPrivilegeValidatorTest,Excessive Dependency,The tool detected the smell in this class because the class depends on too many dependencies. The total number of dependencies is: 13
crate,io.crate.operation.predicate,MatchPredicate,Global State,The tool detected the smell in this class because the class declares global variables. The detected global variables are: SUPPORTED_TYPES; NAME; IDENT; INFO
crate,io.crate.operation.predicate,IsNullPredicate,Global State,The tool detected the smell in this class because the class declares global variables. The detected global variables are: NAME
crate,io.crate.operation.predicate,IsNullPredicate,Excessive Dependency,The tool detected the smell in this class because the class depends on too many dependencies. The total number of dependencies is: 10
crate,io.crate.operation.predicate,NotPredicate,Global State,The tool detected the smell in this class because the class declares global variables. The detected global variables are: NAME; OPERATOR_ALIAS; INFO
crate,io.crate.operation.predicate,NotPredicate,Excessive Dependency,The tool detected the smell in this class because the class depends on too many dependencies. The total number of dependencies is: 8
crate,io.crate.operation.tablefunctions,EmptyRowTableFunction,Excessive Dependency,The tool detected the smell in this class because the class depends on too many dependencies. The total number of dependencies is: 10
crate,io.crate.operation.tablefunctions,UnnestFunction,Excessive Dependency,The tool detected the smell in this class because the class depends on too many dependencies. The total number of dependencies is: 15
crate,io.crate.operation.tablefunctions,UnnestTableFunctionImplementation,Excessive Dependency,The tool detected the smell in this class because the class depends on too many dependencies. The total number of dependencies is: 11
crate,io.crate.operation.tablefunctions,AbstractTableFunctionsTest,Excessive Dependency,The tool detected the smell in this class because the class depends on too many dependencies. The total number of dependencies is: 8
crate,io.crate.operation.reference.partitioned,PartitionsSettingsExpression,Global State,The tool detected the smell in this class because the class declares global variables. The detected global variables are: NAME; NAME; LIMIT; NAME; READ_ONLY; READ; WRITE; METADATA; NAME; NAME; ENABLE; TOTAL_SHARDS_PER_NODE; NAME; INITIAL_SHARDS; NAME; ENABLED; NAME; FLUSH_THRESHOLD_SIZE; SYNC_INTERVAL; DURABILITY; NAME; NAME; DELAYED_TIMEOUT
crate,io.crate.operation.reference.partitioned,PartitionsSettingsExpression,Excessive Dependency,The tool detected the smell in this class because the class depends on too many dependencies. The total number of dependencies is: 11
crate,io.crate.operation.reference.partitioned,PartitionSettingsMappingExpression,Global State,The tool detected the smell in this class because the class declares global variables. The detected global variables are: NAME
crate,io.crate.operation.reference.partitioned,PartitionSettingsMappingTotalFieldsExpression,Global State,The tool detected the smell in this class because the class declares global variables. The detected global variables are: NAME; LIMIT
crate,io.crate.operation.reference.partitioned,PartitionsSettingsBlocksExpression,Global State,The tool detected the smell in this class because the class declares global variables. The detected global variables are: NAME; READ_ONLY; READ; WRITE; METADATA
crate,io.crate.operation.reference.partitioned,PartitionsSettingsRoutingExpression,Global State,The tool detected the smell in this class because the class declares global variables. The detected global variables are: NAME
crate,io.crate.operation.reference.partitioned,PartitionsSettingsRoutingAllocationExpression,Global State,The tool detected the smell in this class because the class declares global variables. The detected global variables are: NAME; ENABLE; TOTAL_SHARDS_PER_NODE
crate,io.crate.operation.reference.partitioned,PartitionsSettingsRecoveryExpression,Global State,The tool detected the smell in this class because the class declares global variables. The detected global variables are: NAME; INITIAL_SHARDS
crate,io.crate.operation.reference.partitioned,PartitionsSettingsWarmerExpression,Global State,The tool detected the smell in this class because the class declares global variables. The detected global variables are: NAME; ENABLED
crate,io.crate.operation.reference.partitioned,PartitionsSettingsTranslogExpression,Global State,The tool detected the smell in this class because the class declares global variables. The detected global variables are: NAME; FLUSH_THRESHOLD_SIZE; SYNC_INTERVAL; DURABILITY
crate,io.crate.operation.reference.partitioned,PartitionsSettingsUnassignedExpression,Global State,The tool detected the smell in this class because the class declares global variables. The detected global variables are: NAME
crate,io.crate.operation.reference.partitioned,PartitionsSettingsNodeLeftExpression,Global State,The tool detected the smell in this class because the class declares global variables. The detected global variables are: NAME; DELAYED_TIMEOUT
crate,io.crate.operation.reference.sys.shard,SysAllocationNodeDecision,Global State,The tool detected the smell in this class because the class can be accessed as a `global` state.
crate,io.crate.operation.reference.sys,SysShardsExpressionsTest,Excessive Dependency,The tool detected the smell in this class because the class depends on too many dependencies. The total number of dependencies is: 15
crate,io.crate.operation.reference.sys,SysNodesExpressionsTest,Excessive Dependency,The tool detected the smell in this class because the class depends on too many dependencies. The total number of dependencies is: 12
crate,io.crate.operation.reference.sys.check,AbstractSysCheck,Global State,The tool detected the smell in this class because the class declares global variables. The detected global variables are: LINK_PATTERN
crate,io.crate.operation.reference.sys.check.cluster,MinMasterNodesSysCheck,Excessive Dependency,The tool detected the smell in this class because the class depends on too many dependencies. The total number of dependencies is: 8
crate,io.crate.operation.reference.sys.check.cluster,TablesNeedRecreationSysCheck,Global State,The tool detected the smell in this class because the class declares global variables. The detected global variables are: ID; DESCRIPTION
crate,io.crate.operation.reference.sys.check.cluster,TablesNeedUpgradeSysCheck,Global State,The tool detected the smell in this class because the class declares global variables. The detected global variables are: ID; DESCRIPTION
crate,io.crate.operation.reference.sys.check.node,SysNodeChecksModule,Excessive Dependency,The tool detected the smell in this class because the class depends on too many dependencies. The total number of dependencies is: 8
crate,io.crate.operation.reference.sys.cluster,ClusterMasterNodeExpression,Global State,The tool detected the smell in this class because the class declares global variables. The detected global variables are: NAME
crate,io.crate.operation.reference.sys.cluster,ClusterSettingsExpression,Global State,The tool detected the smell in this class because the class declares global variables. The detected global variables are: NAME
crate,io.crate.operation.reference.sys.cluster,ClusterNameExpression,Global State,The tool detected the smell in this class because the class declares global variables. The detected global variables are: NAME
crate,io.crate.operation.reference.sys.cluster,ClusterIdExpression,Global State,The tool detected the smell in this class because the class declares global variables. The detected global variables are: NAME
crate,io.crate.operation.reference.sys.cluster,ClusterLoggingOverridesExpression,Global State,The tool detected the smell in this class because the class declares global variables. The detected global variables are: NAME; NAME; LEVEL
crate,io.crate.operation.reference.sys.cluster,ClusterLoggingOverridesChildExpression,Global State,The tool detected the smell in this class because the class can be accessed as a `global` state.
crate,io.crate.operation.reference.sys.cluster,ClusterLoggingOverridesChildExpression,Global State,The tool detected the smell in this class because the class declares global variables. The detected global variables are: NAME; LEVEL
crate,io.crate.operation.reference.sys.cluster,SysClusterExpressionModule,Excessive Dependency,The tool detected the smell in this class because the class depends on too many dependencies. The total number of dependencies is: 8
crate,io.crate.operation.reference.sys.node,NodeStatsContextFieldResolver,Excessive Dependency,The tool detected the smell in this class because the class depends on too many dependencies. The total number of dependencies is: 8
crate,io.crate.operation.reference.sys.node.local,NodeNetworkTCPExpression,Global State,The tool detected the smell in this class because the class declares global variables. The detected global variables are: NAME; NAME
crate,io.crate.operation.reference.sys.node.local,TCPConnectionsExpression,Global State,The tool detected the smell in this class because the class declares global variables. The detected global variables are: NAME
crate,io.crate.operation.reference.sys.node.local,TCPPacketsExpression,Global State,The tool detected the smell in this class because the class declares global variables. The detected global variables are: NAME
crate,io.crate.operation.reference.sys.node.local,SysNodesExpressionsOnHandlerTest,Excessive Dependency,The tool detected the smell in this class because the class depends on too many dependencies. The total number of dependencies is: 11
crate,io.crate.operation.reference.information,TablesSettingsExpression,Global State,The tool detected the smell in this class because the class declares global variables. The detected global variables are: REFRESH_INTERVAL; NAME; NAME; LIMIT; NAME; READ_ONLY; READ; WRITE; METADATA; NAME; NAME; ENABLE; TOTAL_SHARDS_PER_NODE; NAME; INITIAL_SHARDS; NAME; ENABLED; NAME; FLUSH_THRESHOLD_SIZE; SYNC_INTERVAL; DURABILITY; NAME; WAIT_FOR_ACTIVE_SHARDS; NAME; NAME; DELAYED_TIMEOUT
crate,io.crate.operation.reference.information,TablesSettingsExpression,Excessive Dependency,The tool detected the smell in this class because the class depends on too many dependencies. The total number of dependencies is: 12
crate,io.crate.operation.reference.information,TablesSettingsMappingExpression,Global State,The tool detected the smell in this class because the class declares global variables. The detected global variables are: NAME
crate,io.crate.operation.reference.information,TablesSettingsMappingTotalFieldsExpression,Global State,The tool detected the smell in this class because the class declares global variables. The detected global variables are: NAME; LIMIT
crate,io.crate.operation.reference.information,TablesSettingsBlocksExpression,Global State,The tool detected the smell in this class because the class declares global variables. The detected global variables are: NAME; READ_ONLY; READ; WRITE; METADATA
crate,io.crate.operation.reference.information,TablesSettingsRoutingExpression,Global State,The tool detected the smell in this class because the class declares global variables. The detected global variables are: NAME
crate,io.crate.operation.reference.information,TablesSettingsRoutingAllocationExpression,Global State,The tool detected the smell in this class because the class declares global variables. The detected global variables are: NAME; ENABLE; TOTAL_SHARDS_PER_NODE
crate,io.crate.operation.reference.information,TablesSettingsRecoveryExpression,Global State,The tool detected the smell in this class because the class declares global variables. The detected global variables are: NAME; INITIAL_SHARDS
crate,io.crate.operation.reference.information,TablesSettingsWarmerExpression,Global State,The tool detected the smell in this class because the class declares global variables. The detected global variables are: NAME; ENABLED
crate,io.crate.operation.reference.information,TablesSettingsTranslogExpression,Global State,The tool detected the smell in this class because the class declares global variables. The detected global variables are: NAME; FLUSH_THRESHOLD_SIZE; SYNC_INTERVAL; DURABILITY
crate,io.crate.operation.reference.information,TablesSettingsWriteExpression,Global State,The tool detected the smell in this class because the class declares global variables. The detected global variables are: NAME; WAIT_FOR_ACTIVE_SHARDS
crate,io.crate.operation.reference.information,TablesSettingsUnassignedExpression,Global State,The tool detected the smell in this class because the class declares global variables. The detected global variables are: NAME
crate,io.crate.operation.reference.information,TablesSettingsNodeLeftExpression,Global State,The tool detected the smell in this class because the class declares global variables. The detected global variables are: NAME; DELAYED_TIMEOUT
crate,io.crate.operation.reference.doc.lucene,IdCollectorExpression,Global State,The tool detected the smell in this class because the class declares global variables. The detected global variables are: COLUMN_NAME
crate,io.crate.operation.reference.doc.lucene,RawCollectorExpression,Global State,The tool detected the smell in this class because the class declares global variables. The detected global variables are: COLUMN_NAME
crate,io.crate.operation.reference.doc.lucene,IdFromUidCollectorExpression,Global State,The tool detected the smell in this class because the class declares global variables. The detected global variables are: COLUMN_NAME
crate,io.crate.operation.reference.doc.lucene,UidCollectorExpression,Global State,The tool detected the smell in this class because the class declares global variables. The detected global variables are: COLUMN_NAME
crate,io.crate.operation.reference.doc.lucene,DocCollectorExpression,Global State,The tool detected the smell in this class because the class declares global variables. The detected global variables are: COLUMN_NAME
crate,io.crate.operation.reference.doc.lucene,ChildDocCollectorExpression,Global State,The tool detected the smell in this class because the class can be accessed as a `global` state.
crate,io.crate.operation.reference.doc.lucene,FetchIdCollectorExpression,Global State,The tool detected the smell in this class because the class declares global variables. The detected global variables are: COLUMN_NAME
crate,io.crate.operation.reference.doc.lucene,LuceneReferenceResolver,Excessive Dependency,The tool detected the smell in this class because the class depends on too many dependencies. The total number of dependencies is: 29
crate,io.crate.operation.reference.doc.lucene,ScoreCollectorExpression,Global State,The tool detected the smell in this class because the class declares global variables. The detected global variables are: COLUMN_NAME
crate,io.crate.operation.reference.doc.blob,BlobReferenceResolver,Global State,The tool detected the smell in this class because the class declares global variables. The detected global variables are: INSTANCE
crate,io.crate.operation.reference.doc.blob,BlobLastModifiedExpression,Global State,The tool detected the smell in this class because the class declares global variables. The detected global variables are: COLUMN_NAME
crate,io.crate.operation.reference.doc.blob,BlobDigestExpression,Global State,The tool detected the smell in this class because the class declares global variables. The detected global variables are: COLUMN_NAME
crate,io.crate.operation.reference.file,SourceLineExpression,Global State,The tool detected the smell in this class because the class declares global variables. The detected global variables are: COLUMN_NAME
crate,io.crate.operation.reference.file,SourceAsMapLineExpression,Global State,The tool detected the smell in this class because the class declares global variables. The detected global variables are: COLUMN_NAME
crate,io.crate.breaker,RamAccountingContext,Global State,The tool detected the smell in this class because the class declares global variables. The detected global variables are: FLUSH_BUFFER_SIZE
crate,io.crate.breaker,SizeEstimatorFactory,Excessive Dependency,The tool detected the smell in this class because the class depends on too many dependencies. The total number of dependencies is: 9
crate,io.crate.breaker,CrateCircuitBreakerService,Global State,The tool detected the smell in this class because the class declares global variables. The detected global variables are: QUERY; QUERY_CIRCUIT_BREAKER_LIMIT_SETTING; QUERY_CIRCUIT_BREAKER_OVERHEAD_SETTING; JOBS_LOG; JOBS_LOG_CIRCUIT_BREAKER_LIMIT_SETTING; JOBS_LOG_CIRCUIT_BREAKER_OVERHEAD_SETTING; OPERATIONS_LOG; OPERATIONS_LOG_CIRCUIT_BREAKER_LIMIT_SETTING; OPERATIONS_LOG_CIRCUIT_BREAKER_OVERHEAD_SETTING
crate,io.crate.auth,AuthSettings,Global State,The tool detected the smell in this class because the class declares global variables. The detected global variables are: AUTH_HOST_BASED_ENABLED_SETTING; AUTH_HOST_BASED_CONFIG_SETTING; AUTH_TRUST_HTTP_DEFAULT_HEADER; HTTP_HEADER_USER; HTTP_HEADER_REAL_IP
crate,io.crate.auth,HostBasedAuthentication,Excessive Dependency,The tool detected the smell in this class because the class depends on too many dependencies. The total number of dependencies is: 10
crate,io.crate.auth,PasswordAuthenticationMethod,Global State,The tool detected the smell in this class because the class declares global variables. The detected global variables are: NAME
crate,io.crate.plugin,SQLModule,Excessive Dependency,The tool detected the smell in this class because the class depends on too many dependencies. The total number of dependencies is: 16
crate,io.crate.plugin,SQLPlugin,Excessive Dependency,The tool detected the smell in this class because the class depends on too many dependencies. The total number of dependencies is: 18
crate,io.crate.plugin,ChannelPipelineItem,Global State,The tool detected the smell in this class because the class can be accessed as a `global` state.
crate,io.crate.rest.action,RestSQLAction,Excessive Dependency,The tool detected the smell in this class because the class depends on too many dependencies. The total number of dependencies is: 15
crate,io.crate.protocols.postgres,BatchPortal,Excessive Dependency,The tool detected the smell in this class because the class depends on too many dependencies. The total number of dependencies is: 19
crate,io.crate.protocols.postgres,SimplePortal,Excessive Dependency,The tool detected the smell in this class because the class depends on too many dependencies. The total number of dependencies is: 23
crate,io.crate.protocols.postgres,PostgresNetty,Global State,The tool detected the smell in this class because the class declares global variables. The detected global variables are: PSQL_ENABLED_SETTING; PSQL_PORT_SETTING
crate,io.crate.protocols.postgres,PostgresNetty,Excessive Dependency,The tool detected the smell in this class because the class depends on too many dependencies. The total number of dependencies is: 8
crate,io.crate.protocols.postgres,PostgresWireProtocol,Hard-wired Dependency,The tool detected the smell in this class because the class creates objects of concrete classes and uses them. Following concrete classes are instantiated and used: io.crate.protocols.postgres.MessageHandler; io.crate.protocols.postgres.MessageDecoder
crate,io.crate.protocols.postgres,PostgresWireProtocol,Excessive Dependency,The tool detected the smell in this class because the class depends on too many dependencies. The total number of dependencies is: 24
crate,io.crate.protocols.postgres,BulkPortal,Excessive Dependency,The tool detected the smell in this class because the class depends on too many dependencies. The total number of dependencies is: 19
crate,io.crate.protocols.postgres,PostgresWireProtocolTest,Excessive Dependency,The tool detected the smell in this class because the class depends on too many dependencies. The total number of dependencies is: 12
crate,io.crate.protocols.postgres.types,JsonType,Global State,The tool detected the smell in this class because the class declares global variables. The detected global variables are: INSTANCE
crate,io.crate.protocols.postgres.types,IntegerType,Global State,The tool detected the smell in this class because the class declares global variables. The detected global variables are: INSTANCE
crate,io.crate.protocols.postgres.types,BooleanType,Global State,The tool detected the smell in this class because the class declares global variables. The detected global variables are: INSTANCE
crate,io.crate.protocols.postgres.types,PGArray,Excessive Dependency,The tool detected the smell in this class because the class depends on too many dependencies. The total number of dependencies is: 11
crate,io.crate.protocols.postgres.types,CharType,Global State,The tool detected the smell in this class because the class declares global variables. The detected global variables are: INSTANCE
crate,io.crate.protocols.postgres.types,DoubleType,Global State,The tool detected the smell in this class because the class declares global variables. The detected global variables are: INSTANCE
crate,io.crate.protocols.postgres.types,TimestampType,Global State,The tool detected the smell in this class because the class declares global variables. The detected global variables are: INSTANCE
crate,io.crate.protocols.postgres.types,SmallIntType,Global State,The tool detected the smell in this class because the class declares global variables. The detected global variables are: INSTANCE
crate,io.crate.protocols.postgres.types,BigIntType,Global State,The tool detected the smell in this class because the class declares global variables. The detected global variables are: INSTANCE
crate,io.crate.protocols.postgres.types,PGTypes,Excessive Dependency,The tool detected the smell in this class because the class depends on too many dependencies. The total number of dependencies is: 14
crate,io.crate.protocols.postgres.types,VarCharType,Global State,The tool detected the smell in this class because the class declares global variables. The detected global variables are: INSTANCE
crate,io.crate.protocols.postgres.types,RealType,Global State,The tool detected the smell in this class because the class declares global variables. The detected global variables are: INSTANCE
crate,io.crate.protocols.postgres.types,PGTypesTest,Excessive Dependency,The tool detected the smell in this class because the class depends on too many dependencies. The total number of dependencies is: 20
crate,io.crate.planner.statement,SetSessionPlan,Excessive Dependency,The tool detected the smell in this class because the class depends on too many dependencies. The total number of dependencies is: 8
crate,io.crate.planner.statement,DeletePlanner,Excessive Dependency,The tool detected the smell in this class because the class depends on too many dependencies. The total number of dependencies is: 34
crate,io.crate.planner.statement,Delete,Excessive Dependency,The tool detected the smell in this class because the class depends on too many dependencies. The total number of dependencies is: 14
crate,io.crate.planner.statement,CopyStatementPlanner,Excessive Dependency,The tool detected the smell in this class because the class depends on too many dependencies. The total number of dependencies is: 30
crate,io.crate.planner.statement,CopyTo,Excessive Dependency,The tool detected the smell in this class because the class depends on too many dependencies. The total number of dependencies is: 11
crate,io.crate.planner.statement,CopyFrom,Global State,The tool detected the smell in this class because the class can be accessed as a `global` state.
crate,io.crate.planner.statement,CopyFrom,Excessive Dependency,The tool detected the smell in this class because the class depends on too many dependencies. The total number of dependencies is: 9
crate,io.crate.planner.statement,CopyToPlannerTest,Excessive Dependency,The tool detected the smell in this class because the class depends on too many dependencies. The total number of dependencies is: 11
crate,io.crate.planner,SelectStatementPlanner,Hard-wired Dependency,The tool detected the smell in this class because the class creates objects of concrete classes and uses them. Following concrete classes are instantiated and used: io.crate.planner.Visitor
crate,io.crate.planner,SelectStatementPlanner,Excessive Dependency,The tool detected the smell in this class because the class depends on too many dependencies. The total number of dependencies is: 14
crate,io.crate.planner,Visitor,Excessive Dependency,The tool detected the smell in this class because the class depends on too many dependencies. The total number of dependencies is: 11
crate,io.crate.planner,PlanPrinter,Hard-wired Dependency,The tool detected the smell in this class because the class creates objects of concrete classes and uses them. Following concrete classes are instantiated and used: io.crate.planner.ExecutionPhase2MapVisitor; io.crate.planner.ExecutionPlan2MapVisitor
crate,io.crate.planner,PlanPrinter,Global State,The tool detected the smell in this class because the class declares global variables. The detected global variables are: INSTANCE
crate,io.crate.planner,PlanPrinter,Excessive Dependency,The tool detected the smell in this class because the class depends on too many dependencies. The total number of dependencies is: 20
crate,io.crate.planner,ExecutionPhase2MapVisitor,Global State,The tool detected the smell in this class because the class declares global variables. The detected global variables are: INSTANCE
crate,io.crate.planner,ExecutionPhase2MapVisitor,Excessive Dependency,The tool detected the smell in this class because the class depends on too many dependencies. The total number of dependencies is: 12
crate,io.crate.planner,ExecutionPlan2MapVisitor,Excessive Dependency,The tool detected the smell in this class because the class depends on too many dependencies. The total number of dependencies is: 8
crate,io.crate.planner,PlannerContext,Excessive Dependency,The tool detected the smell in this class because the class depends on too many dependencies. The total number of dependencies is: 10
crate,io.crate.planner,Planner,Excessive Dependency,The tool detected the smell in this class because the class depends on too many dependencies. The total number of dependencies is: 33
crate,io.crate.planner,RoutingBuilder,Excessive Dependency,The tool detected the smell in this class because the class depends on too many dependencies. The total number of dependencies is: 8
crate,io.crate.planner,Merge,Excessive Dependency,The tool detected the smell in this class because the class depends on too many dependencies. The total number of dependencies is: 12
crate,io.crate.planner,WhereClauseOptimizer,Excessive Dependency,The tool detected the smell in this class because the class depends on too many dependencies. The total number of dependencies is: 11
crate,io.crate.planner,DetailedQuery,Global State,The tool detected the smell in this class because the class can be accessed as a `global` state.
crate,io.crate.planner,TableStatsService,Global State,The tool detected the smell in this class because the class declares global variables. The detected global variables are: STATS_SERVICE_REFRESH_INTERVAL_SETTING
crate,io.crate.planner,InsertPlannerTest,Excessive Dependency,The tool detected the smell in this class because the class depends on too many dependencies. The total number of dependencies is: 20
crate,io.crate.planner,DeletePlannerTest,Excessive Dependency,The tool detected the smell in this class because the class depends on too many dependencies. The total number of dependencies is: 9
crate,io.crate.planner,UpdatePlannerTest,Excessive Dependency,The tool detected the smell in this class because the class depends on too many dependencies. The total number of dependencies is: 16
crate,io.crate.planner,PlannerTest,Excessive Dependency,The tool detected the smell in this class because the class depends on too many dependencies. The total number of dependencies is: 13
crate,io.crate.planner,UnionPlannerTest,Excessive Dependency,The tool detected the smell in this class because the class depends on too many dependencies. The total number of dependencies is: 9
crate,io.crate.planner,SelectPlannerTest,Excessive Dependency,The tool detected the smell in this class because the class depends on too many dependencies. The total number of dependencies is: 39
crate,io.crate.planner,RoutingBuilderTest,Excessive Dependency,The tool detected the smell in this class because the class depends on too many dependencies. The total number of dependencies is: 11
crate,io.crate.planner,SubQueryPlannerTest,Excessive Dependency,The tool detected the smell in this class because the class depends on too many dependencies. The total number of dependencies is: 15
crate,io.crate.planner,GroupByScalarPlannerTest,Excessive Dependency,The tool detected the smell in this class because the class depends on too many dependencies. The total number of dependencies is: 10
crate,io.crate.planner.operators,Union,Excessive Dependency,The tool detected the smell in this class because the class depends on too many dependencies. The total number of dependencies is: 19
crate,io.crate.planner.operators,Order,Excessive Dependency,The tool detected the smell in this class because the class depends on too many dependencies. The total number of dependencies is: 12
crate,io.crate.planner.operators,GroupHashAggregate,Excessive Dependency,The tool detected the smell in this class because the class depends on too many dependencies. The total number of dependencies is: 16
crate,io.crate.planner.operators,HashAggregate,Hard-wired Dependency,The tool detected the smell in this class because the class creates objects of concrete classes and uses them. Following concrete classes are instantiated and used: io.crate.planner.operators.AggregationOutputValidator
crate,io.crate.planner.operators,HashAggregate,Excessive Dependency,The tool detected the smell in this class because the class depends on too many dependencies. The total number of dependencies is: 22
crate,io.crate.planner.operators,AggregationOutputValidator,Global State,The tool detected the smell in this class because the class can be accessed as a `global` state.
crate,io.crate.planner.operators,RelationBoundary,Excessive Dependency,The tool detected the smell in this class because the class depends on too many dependencies. The total number of dependencies is: 9
crate,io.crate.planner.operators,Join,Excessive Dependency,The tool detected the smell in this class because the class depends on too many dependencies. The total number of dependencies is: 31
crate,io.crate.planner.operators,LogicalPlanner,Global State,The tool detected the smell in this class because the class declares global variables. The detected global variables are: NO_LIMIT
crate,io.crate.planner.operators,LogicalPlanner,Excessive Dependency,The tool detected the smell in this class because the class depends on too many dependencies. The total number of dependencies is: 38
crate,io.crate.planner.operators,Visitor,Excessive Dependency,The tool detected the smell in this class because the class depends on too many dependencies. The total number of dependencies is: 8
crate,io.crate.planner.operators,Limit,Excessive Dependency,The tool detected the smell in this class because the class depends on too many dependencies. The total number of dependencies is: 14
crate,io.crate.planner.operators,Count,Excessive Dependency,The tool detected the smell in this class because the class depends on too many dependencies. The total number of dependencies is: 14
crate,io.crate.planner.operators,Collect,Hard-wired Dependency,The tool detected the smell in this class because the class creates objects of concrete classes and uses them. Following concrete classes are instantiated and used: io.crate.planner.operators.NoPredicateVisitor
crate,io.crate.planner.operators,Collect,Excessive Dependency,The tool detected the smell in this class because the class depends on too many dependencies. The total number of dependencies is: 29
crate,io.crate.planner.operators,LogicalPlan,Excessive Dependency,The tool detected the smell in this class because the class depends on too many dependencies. The total number of dependencies is: 8
crate,io.crate.planner.operators,Filter,Excessive Dependency,The tool detected the smell in this class because the class depends on too many dependencies. The total number of dependencies is: 12
crate,io.crate.planner.operators,Insert,Excessive Dependency,The tool detected the smell in this class because the class depends on too many dependencies. The total number of dependencies is: 10
crate,io.crate.planner.operators,FetchOrEval,Excessive Dependency,The tool detected the smell in this class because the class depends on too many dependencies. The total number of dependencies is: 26
crate,io.crate.planner.operators,Get,Excessive Dependency,The tool detected the smell in this class because the class depends on too many dependencies. The total number of dependencies is: 9
crate,io.crate.planner.operators,JoinTest,Excessive Dependency,The tool detected the smell in this class because the class depends on too many dependencies. The total number of dependencies is: 14
crate,io.crate.planner.operators,LogicalPlannerTest,Hard-wired Dependency,The tool detected the smell in this class because the class creates objects of concrete classes and uses them. Following concrete classes are instantiated and used: io.crate.planner.operators.Printer
crate,io.crate.planner.operators,LogicalPlannerTest,Excessive Dependency,The tool detected the smell in this class because the class depends on too many dependencies. The total number of dependencies is: 25
crate,io.crate.planner.operators,Printer,Excessive Dependency,The tool detected the smell in this class because the class depends on too many dependencies. The total number of dependencies is: 16
crate,io.crate.planner.operators,LimitTest,Excessive Dependency,The tool detected the smell in this class because the class depends on too many dependencies. The total number of dependencies is: 13
crate,io.crate.planner.consumer,QualifiedNameCollector,Global State,The tool detected the smell in this class because the class declares global variables. The detected global variables are: INSTANCE
crate,io.crate.planner.consumer,UpdatePlanner,Excessive Dependency,The tool detected the smell in this class because the class depends on too many dependencies. The total number of dependencies is: 40
crate,io.crate.planner.consumer,Update,Global State,The tool detected the smell in this class because the class can be accessed as a `global` state.
crate,io.crate.planner.consumer,Update,Excessive Dependency,The tool detected the smell in this class because the class depends on too many dependencies. The total number of dependencies is: 8
crate,io.crate.planner.consumer,OrderByPositionVisitor,Hard-wired Dependency,The tool detected the smell in this class because the class creates objects of concrete classes and uses them. Following concrete classes are instantiated and used: io.crate.planner.consumer.Context
crate,io.crate.planner.consumer,Context,Global State,The tool detected the smell in this class because the class can be accessed as a `global` state.
crate,io.crate.planner.consumer,OptimizingRewriter,Excessive Dependency,The tool detected the smell in this class because the class depends on too many dependencies. The total number of dependencies is: 8
crate,io.crate.planner.consumer,InsertFromSubQueryPlanner,Excessive Dependency,The tool detected the smell in this class because the class depends on too many dependencies. The total number of dependencies is: 12
crate,io.crate.planner.consumer,SemiJoins,Hard-wired Dependency,The tool detected the smell in this class because the class creates objects of concrete classes and uses them. Following concrete classes are instantiated and used: io.crate.planner.consumer.RewriteCandidateGatherer
crate,io.crate.planner.consumer,SemiJoins,Excessive Dependency,The tool detected the smell in this class because the class depends on too many dependencies. The total number of dependencies is: 27
crate,io.crate.planner.consumer,RewriteCandidateGatherer,Excessive Dependency,The tool detected the smell in this class because the class depends on too many dependencies. The total number of dependencies is: 9
crate,io.crate.planner.consumer,GroupByPlannerTest,Excessive Dependency,The tool detected the smell in this class because the class depends on too many dependencies. The total number of dependencies is: 28
crate,io.crate.planner.consumer,SemiJoinsTest,Excessive Dependency,The tool detected the smell in this class because the class depends on too many dependencies. The total number of dependencies is: 13
crate,io.crate.planner.consumer,GlobalAggregatePlannerTest,Excessive Dependency,The tool detected the smell in this class because the class depends on too many dependencies. The total number of dependencies is: 9
crate,io.crate.planner.node.dml,Item,Global State,The tool detected the smell in this class because the class can be accessed as a `global` state.
crate,io.crate.planner.node.ddl,DeletePartitions,Excessive Dependency,The tool detected the smell in this class because the class depends on too many dependencies. The total number of dependencies is: 13
crate,io.crate.planner.node.fetch,FetchPhaseTest,Excessive Dependency,The tool detected the smell in this class because the class depends on too many dependencies. The total number of dependencies is: 8
crate,io.crate.planner.node.management,ShowCreateTablePlan,Excessive Dependency,The tool detected the smell in this class because the class depends on too many dependencies. The total number of dependencies is: 10
crate,io.crate.planner.node.management,ExplainPlan,Excessive Dependency,The tool detected the smell in this class because the class depends on too many dependencies. The total number of dependencies is: 10
crate,io.crate.planner.node.dql,GroupByConsumer,Excessive Dependency,The tool detected the smell in this class because the class depends on too many dependencies. The total number of dependencies is: 8
crate,io.crate.planner.node.dql,NestedLoopPhaseTest,Excessive Dependency,The tool detected the smell in this class because the class depends on too many dependencies. The total number of dependencies is: 8
crate,io.crate.planner.node,StreamerVisitor,Hard-wired Dependency,The tool detected the smell in this class because the class creates objects of concrete classes and uses them. Following concrete classes are instantiated and used: io.crate.planner.node.ExecutionPhaseStreamerVisitor
crate,io.crate.planner.node,StreamerVisitor,Excessive Dependency,The tool detected the smell in this class because the class depends on too many dependencies. The total number of dependencies is: 11
crate,io.crate.planner.node,ExecutionPhaseStreamerVisitor,Excessive Dependency,The tool detected the smell in this class because the class depends on too many dependencies. The total number of dependencies is: 10
crate,io.crate.planner.node,MergeNodeTest,Excessive Dependency,The tool detected the smell in this class because the class depends on too many dependencies. The total number of dependencies is: 11
crate,io.crate.planner.node,RoutedCollectPhaseTest,Excessive Dependency,The tool detected the smell in this class because the class depends on too many dependencies. The total number of dependencies is: 11
crate,io.crate.planner.distribution,DistributionInfo,Global State,The tool detected the smell in this class because the class declares global variables. The detected global variables are: DEFAULT_BROADCAST; DEFAULT_SAME_NODE; DEFAULT_MODULO
crate,io.crate.cluster.gracefulstop,DecommissionAllocationDecider,Global State,The tool detected the smell in this class because the class declares global variables. The detected global variables are: NAME
crate,io.crate.cluster.gracefulstop,DecommissioningService,Global State,The tool detected the smell in this class because the class declares global variables. The detected global variables are: DECOMMISSION_INTERNAL_SETTING_GROUP; GRACEFUL_STOP_MIN_AVAILABILITY_SETTING; GRACEFUL_STOP_REALLOCATE_SETTING; GRACEFUL_STOP_FORCE_SETTING; GRACEFUL_STOP_TIMEOUT_SETTING
crate,io.crate.analyze.expressions,ValueNormalizer,Excessive Dependency,The tool detected the smell in this class because the class depends on too many dependencies. The total number of dependencies is: 14
crate,io.crate.analyze.expressions,ExpressionToStringVisitor,Excessive Dependency,The tool detected the smell in this class because the class depends on too many dependencies. The total number of dependencies is: 14
crate,io.crate.analyze.expressions,ExpressionAnalyzer,Hard-wired Dependency,The tool detected the smell in this class because the class creates objects of concrete classes and uses them. Following concrete classes are instantiated and used: io.crate.analyze.expressions.Comparison; io.crate.analyze.expressions.InnerExpressionAnalyzer
crate,io.crate.analyze.expressions,ExpressionAnalyzer,Excessive Dependency,The tool detected the smell in this class because the class depends on too many dependencies. The total number of dependencies is: 85
crate,io.crate.analyze.expressions,InnerExpressionAnalyzer,Hard-wired Dependency,The tool detected the smell in this class because the class creates objects of concrete classes and uses them. Following concrete classes are instantiated and used: io.crate.analyze.expressions.Comparison
crate,io.crate.analyze.expressions,InnerExpressionAnalyzer,Excessive Dependency,The tool detected the smell in this class because the class depends on too many dependencies. The total number of dependencies is: 71
crate,io.crate.analyze.expressions,Comparison,Excessive Dependency,The tool detected the smell in this class because the class depends on too many dependencies. The total number of dependencies is: 13
crate,io.crate.analyze.expressions,ExpressionToObjectVisitor,Excessive Dependency,The tool detected the smell in this class because the class depends on too many dependencies. The total number of dependencies is: 13
crate,io.crate.analyze.expressions,ExpressionToTimeValueVisitor,Global State,The tool detected the smell in this class because the class declares global variables. The detected global variables are: DEFAULT_VALUE
crate,io.crate.analyze.expressions,ExpressionToTimeValueVisitor,Excessive Dependency,The tool detected the smell in this class because the class depends on too many dependencies. The total number of dependencies is: 8
crate,io.crate.analyze.expressions,ExpressionToByteSizeValueVisitor,Global State,The tool detected the smell in this class because the class declares global variables. The detected global variables are: DEFAULT_VALUE
crate,io.crate.analyze.expressions,ExpressionToNumberVisitor,Excessive Dependency,The tool detected the smell in this class because the class depends on too many dependencies. The total number of dependencies is: 8
crate,io.crate.analyze.expressions,ExpressionAnalyzerTest,Excessive Dependency,The tool detected the smell in this class because the class depends on too many dependencies. The total number of dependencies is: 26
crate,io.crate.analyze.symbol,SymbolType,Global State,The tool detected the smell in this class because the class declares global variables. The detected global variables are: VALUES
crate,io.crate.analyze.symbol,Aggregations,Excessive Dependency,The tool detected the smell in this class because the class depends on too many dependencies. The total number of dependencies is: 10
crate,io.crate.analyze.symbol,Symbols,Global State,The tool detected the smell in this class because the class declares global variables. The detected global variables are: IS_COLUMN; IS_GENERATED_COLUMN; DEEP_COPY
crate,io.crate.analyze.symbol,Symbols,Excessive Dependency,The tool detected the smell in this class because the class depends on too many dependencies. The total number of dependencies is: 13
crate,io.crate.analyze.symbol,DynamicReference,Excessive Dependency,The tool detected the smell in this class because the class depends on too many dependencies. The total number of dependencies is: 8
crate,io.crate.analyze.symbol,Literal,Global State,The tool detected the smell in this class because the class declares global variables. The detected global variables are: NULL; BOOLEAN_TRUE; BOOLEAN_FALSE; EMPTY_OBJECT
crate,io.crate.analyze.symbol,ValueSymbolVisitor,Global State,The tool detected the smell in this class because the class declares global variables. The detected global variables are: STRING; STRING_LIST
crate,io.crate.analyze.symbol,LiteralValueFormatter,Global State,The tool detected the smell in this class because the class declares global variables. The detected global variables are: INSTANCE
crate,io.crate.analyze.symbol,SymbolVisitor,Excessive Dependency,The tool detected the smell in this class because the class depends on too many dependencies. The total number of dependencies is: 13
crate,io.crate.analyze.symbol.format,SymbolPrinter,Hard-wired Dependency,The tool detected the smell in this class because the class creates objects of concrete classes and uses them. Following concrete classes are instantiated and used: io.crate.analyze.symbol.format.SymbolPrintVisitor
crate,io.crate.analyze.symbol.format,SymbolPrinter,Global State,The tool detected the smell in this class because the class declares global variables. The detected global variables are: INSTANCE; FUNCTION; PAREN_OPEN; PAREN_CLOSE; COMMA; ELLIPSIS; NULL_LOWER; WS; DOT; ANY
crate,io.crate.analyze.symbol.format,SymbolPrinter,Excessive Dependency,The tool detected the smell in this class because the class depends on too many dependencies. The total number of dependencies is: 20
crate,io.crate.analyze.symbol.format,SymbolPrintVisitor,Excessive Dependency,The tool detected the smell in this class because the class depends on too many dependencies. The total number of dependencies is: 18
crate,io.crate.analyze.symbol.format,Strings,Global State,The tool detected the smell in this class because the class can be accessed as a `global` state.
crate,io.crate.analyze.symbol.format,Strings,Global State,The tool detected the smell in this class because the class declares global variables. The detected global variables are: PAREN_OPEN; PAREN_CLOSE; COMMA; ELLIPSIS; NULL_LOWER; WS; DOT; ANY
crate,io.crate.analyze.symbol.format,SymbolPrinterTest,Excessive Dependency,The tool detected the smell in this class because the class depends on too many dependencies. The total number of dependencies is: 15
crate,io.crate.analyze.validator,GroupBySymbolValidator,Hard-wired Dependency,The tool detected the smell in this class because the class creates objects of concrete classes and uses them. Following concrete classes are instantiated and used: io.crate.analyze.validator.InnerValidator
crate,io.crate.analyze.validator,GroupBySymbolValidator,Excessive Dependency,The tool detected the smell in this class because the class depends on too many dependencies. The total number of dependencies is: 9
crate,io.crate.analyze.validator,SemanticSortValidator,Excessive Dependency,The tool detected the smell in this class because the class depends on too many dependencies. The total number of dependencies is: 9
crate,io.crate.analyze.validator,InnerValidator,Excessive Dependency,The tool detected the smell in this class because the class depends on too many dependencies. The total number of dependencies is: 8
crate,io.crate.analyze.where,EqualityExtractor,Hard-wired Dependency,The tool detected the smell in this class because the class creates objects of concrete classes and uses them. Following concrete classes are instantiated and used: io.crate.analyze.where.Context; io.crate.analyze.where.EqProxy; io.crate.analyze.where.ChildEqProxy; io.crate.analyze.where.AnyEqProxy
crate,io.crate.analyze.where,EqualityExtractor,Global State,The tool detected the smell in this class because the class declares global variables. The detected global variables are: INSTANCE
crate,io.crate.analyze.where,EqualityExtractor,Excessive Dependency,The tool detected the smell in this class because the class depends on too many dependencies. The total number of dependencies is: 20
crate,io.crate.analyze.where,AnyEqProxy,Hard-wired Dependency,The tool detected the smell in this class because the class creates objects of concrete classes and uses them. Following concrete classes are instantiated and used: io.crate.analyze.where.EqProxy; io.crate.analyze.where.ChildEqProxy
crate,io.crate.analyze.where,AnyEqProxy,Excessive Dependency,The tool detected the smell in this class because the class depends on too many dependencies. The total number of dependencies is: 10
crate,io.crate.analyze.where,ProxyInjectingVisitor,Hard-wired Dependency,The tool detected the smell in this class because the class creates objects of concrete classes and uses them. Following concrete classes are instantiated and used: io.crate.analyze.where.EqProxy
crate,io.crate.analyze.where,ProxyInjectingVisitor,Global State,The tool detected the smell in this class because the class declares global variables. The detected global variables are: INSTANCE
crate,io.crate.analyze.where,ProxyInjectingVisitor,Excessive Dependency,The tool detected the smell in this class because the class depends on too many dependencies. The total number of dependencies is: 13
crate,io.crate.analyze.where,Comparison,Hard-wired Dependency,The tool detected the smell in this class because the class creates objects of concrete classes and uses them. Following concrete classes are instantiated and used: io.crate.analyze.where.EqProxy
crate,io.crate.analyze.where,DocKeys,Excessive Dependency,The tool detected the smell in this class because the class depends on too many dependencies. The total number of dependencies is: 8
crate,io.crate.analyze.where,WhereClauseValidator,Hard-wired Dependency,The tool detected the smell in this class because the class creates objects of concrete classes and uses them. Following concrete classes are instantiated and used: io.crate.analyze.where.Visitor
crate,io.crate.analyze.where,WhereClauseValidator,Excessive Dependency,The tool detected the smell in this class because the class depends on too many dependencies. The total number of dependencies is: 12
crate,io.crate.analyze.where,Visitor,Excessive Dependency,The tool detected the smell in this class because the class depends on too many dependencies. The total number of dependencies is: 11
crate,io.crate.analyze.where,WhereClauseAnalyzer,Excessive Dependency,The tool detected the smell in this class because the class depends on too many dependencies. The total number of dependencies is: 21
crate,io.crate.analyze.where,WhereClauseAnalyzerTest,Excessive Dependency,The tool detected the smell in this class because the class depends on too many dependencies. The total number of dependencies is: 19
crate,io.crate.analyze.copy,NodeFilters,Global State,The tool detected the smell in this class because the class declares global variables. The detected global variables are: NAME
crate,io.crate.analyze.user,Privilege,Global State,The tool detected the smell in this class because the class declares global variables. The detected global variables are: VALUES; VALUES; VALUES
crate,io.crate.analyze.user,State,Global State,The tool detected the smell in this class because the class declares global variables. The detected global variables are: VALUES
crate,io.crate.analyze.user,Type,Global State,The tool detected the smell in this class because the class declares global variables. The detected global variables are: VALUES
crate,io.crate.analyze.user,Clazz,Global State,The tool detected the smell in this class because the class declares global variables. The detected global variables are: VALUES
crate,io.crate.analyze.relations,RelationPrinter,Global State,The tool detected the smell in this class because the class declares global variables. The detected global variables are: INSTANCE
crate,io.crate.analyze.relations,AbstractTableRelation,Excessive Dependency,The tool detected the smell in this class because the class depends on too many dependencies. The total number of dependencies is: 11
crate,io.crate.analyze.relations,AnalyzedRelationVisitor,Excessive Dependency,The tool detected the smell in this class because the class depends on too many dependencies. The total number of dependencies is: 12
crate,io.crate.analyze.relations,FullQualifiedNameFieldProvider,Excessive Dependency,The tool detected the smell in this class because the class depends on too many dependencies. The total number of dependencies is: 8
crate,io.crate.analyze.relations,DocTableRelation,Excessive Dependency,The tool detected the smell in this class because the class depends on too many dependencies. The total number of dependencies is: 12
crate,io.crate.analyze.relations,ParentRelations,Global State,The tool detected the smell in this class because the class declares global variables. The detected global variables are: NO_PARENTS
crate,io.crate.analyze.relations,OrderedLimitedRelation,Excessive Dependency,The tool detected the smell in this class because the class depends on too many dependencies. The total number of dependencies is: 9
crate,io.crate.analyze.relations,RelationAnalyzer,Excessive Dependency,The tool detected the smell in this class because the class depends on too many dependencies. The total number of dependencies is: 55
crate,io.crate.analyze.relations,RelationSplitter,Hard-wired Dependency,The tool detected the smell in this class because the class creates objects of concrete classes and uses them. Following concrete classes are instantiated and used: io.crate.analyze.relations.JoinConditionValidator
crate,io.crate.analyze.relations,RelationSplitter,Excessive Dependency,The tool detected the smell in this class because the class depends on too many dependencies. The total number of dependencies is: 17
crate,io.crate.analyze.relations,SubselectRewriter,Hard-wired Dependency,The tool detected the smell in this class because the class creates objects of concrete classes and uses them. Following concrete classes are instantiated and used: io.crate.analyze.relations.FieldReplacer
crate,io.crate.analyze.relations,SubselectRewriter,Excessive Dependency,The tool detected the smell in this class because the class depends on too many dependencies. The total number of dependencies is: 17
crate,io.crate.analyze.relations,Visitor,Excessive Dependency,The tool detected the smell in this class because the class depends on too many dependencies. The total number of dependencies is: 9
crate,io.crate.analyze.relations,RelationNormalizer,Excessive Dependency,The tool detected the smell in this class because the class depends on too many dependencies. The total number of dependencies is: 16
crate,io.crate.analyze.relations,NormalizerVisitor,Excessive Dependency,The tool detected the smell in this class because the class depends on too many dependencies. The total number of dependencies is: 16
crate,io.crate.analyze.relations,FieldProviderTest,Excessive Dependency,The tool detected the smell in this class because the class depends on too many dependencies. The total number of dependencies is: 11
crate,io.crate.analyze.relations,SubselectRewriterTest,Excessive Dependency,The tool detected the smell in this class because the class depends on too many dependencies. The total number of dependencies is: 15
crate,io.crate.analyze.relations,RelationSplitterTest,Excessive Dependency,The tool detected the smell in this class because the class depends on too many dependencies. The total number of dependencies is: 10
crate,io.crate.analyze.relations.select,SelectAnalyzer,Hard-wired Dependency,The tool detected the smell in this class because the class creates objects of concrete classes and uses them. Following concrete classes are instantiated and used: io.crate.analyze.relations.select.InnerVisitor
crate,io.crate.analyze.relations.select,SelectAnalyzer,Excessive Dependency,The tool detected the smell in this class because the class depends on too many dependencies. The total number of dependencies is: 12
crate,io.crate.executor.transport,NodeOperationTreeGenerator,Hard-wired Dependency,The tool detected the smell in this class because the class creates objects of concrete classes and uses them. Following concrete classes are instantiated and used: io.crate.executor.transport.NodeOperationTreeContext
crate,io.crate.executor.transport,NodeOperationTreeGenerator,Excessive Dependency,The tool detected the smell in this class because the class depends on too many dependencies. The total number of dependencies is: 14
crate,io.crate.executor.transport,ExecutionPlanSymbolMapper,Excessive Dependency,The tool detected the smell in this class because the class depends on too many dependencies. The total number of dependencies is: 8
crate,io.crate.executor.transport,TransportExecutorModule,Excessive Dependency,The tool detected the smell in this class because the class depends on too many dependencies. The total number of dependencies is: 14
crate,io.crate.executor.transport,ExecutionPhasesTaskTest,Excessive Dependency,The tool detected the smell in this class because the class depends on too many dependencies. The total number of dependencies is: 10
crate,io.crate.executor.transport,DependencyCarrierDDLTest,Excessive Dependency,The tool detected the smell in this class because the class depends on too many dependencies. The total number of dependencies is: 9
crate,io.crate.executor.transport.executionphases,ExecutionPhasesTask,Excessive Dependency,The tool detected the smell in this class because the class depends on too many dependencies. The total number of dependencies is: 16
crate,io.crate.metadata,GeneratedReference,Excessive Dependency,The tool detected the smell in this class because the class depends on too many dependencies. The total number of dependencies is: 9
crate,io.crate.metadata,IndexParts,Global State,The tool detected the smell in this class because the class declares global variables. The detected global variables are: PARTITIONED_TABLE_PART
crate,io.crate.metadata,FunctionInfo,Global State,The tool detected the smell in this class because the class declares global variables. The detected global variables are: NO_FEATURES; DETERMINISTIC_ONLY; DETERMINISTIC_AND_COMPARISON_REPLACEMENT
crate,io.crate.metadata,Schemas,Global State,The tool detected the smell in this class because the class declares global variables. The detected global variables are: DOC_SCHEMA_NAME
crate,io.crate.metadata,Schemas,Excessive Dependency,The tool detected the smell in this class because the class depends on too many dependencies. The total number of dependencies is: 12
crate,io.crate.metadata,Reference,Global State,The tool detected the smell in this class because the class declares global variables. The detected global variables are: COMPARE_BY_COLUMN_IDENT
crate,io.crate.metadata,Reference,Excessive Dependency,The tool detected the smell in this class because the class depends on too many dependencies. The total number of dependencies is: 9
crate,io.crate.metadata,DocReferences,Excessive Dependency,The tool detected the smell in this class because the class depends on too many dependencies. The total number of dependencies is: 8
crate,io.crate.metadata,IndexReference,Excessive Dependency,The tool detected the smell in this class because the class depends on too many dependencies. The total number of dependencies is: 8
crate,io.crate.metadata,Builder,Global State,The tool detected the smell in this class because the class can be accessed as a `global` state.
crate,io.crate.metadata,PartitionInfos,Excessive Dependency,The tool detected the smell in this class because the class depends on too many dependencies. The total number of dependencies is: 9
crate,io.crate.metadata,FulltextAnalyzerResolver,Global State,The tool detected the smell in this class because the class declares global variables. The detected global variables are: SQL_STATEMENT_KEY
crate,io.crate.metadata,MapBackedRefResolverTest,Excessive Dependency,The tool detected the smell in this class because the class depends on too many dependencies. The total number of dependencies is: 9
crate,io.crate.metadata,GeneratedReferenceTest,Excessive Dependency,The tool detected the smell in this class because the class depends on too many dependencies. The total number of dependencies is: 8
crate,io.crate.metadata,SchemasTest,Excessive Dependency,The tool detected the smell in this class because the class depends on too many dependencies. The total number of dependencies is: 9
crate,io.crate.metadata,SchemasITest,Excessive Dependency,The tool detected the smell in this class because the class depends on too many dependencies. The total number of dependencies is: 8
crate,io.crate.metadata,IndexMappings,Global State,The tool detected the smell in this class because the class declares global variables. The detected global variables are: SETTING_ROUTING_HASH_FUNCTION; DEFAULT_ROUTING_HASH_FUNCTION; DEFAULT_ROUTING_HASH_FUNCTION_PRETTY_NAME; VERSION_STRING; routingHashFunctionPrettyNameLookupMap; DEFAULT_TABLE_MAPPING
crate,io.crate.metadata,UsersPrivilegesMetaData,Global State,The tool detected the smell in this class because the class declares global variables. The detected global variables are: TYPE
crate,io.crate.metadata,UsersMetaData,Global State,The tool detected the smell in this class because the class declares global variables. The detected global variables are: TYPE
crate,io.crate.metadata,UserDefinitions,Global State,The tool detected the smell in this class because the class declares global variables. The detected global variables are: SINGLE_USER_ONLY; DUMMY_USERS
crate,io.crate.metadata.rule.ingest,IngestRulesMetaData,Global State,The tool detected the smell in this class because the class declares global variables. The detected global variables are: TYPE
crate,io.crate.metadata.blob,InternalBlobTableInfoFactory,Excessive Dependency,The tool detected the smell in this class because the class depends on too many dependencies. The total number of dependencies is: 8
crate,io.crate.metadata.blob,BlobSchemaInfo,Global State,The tool detected the smell in this class because the class declares global variables. The detected global variables are: NAME
crate,io.crate.metadata.blob,BlobTableInfo,Excessive Dependency,The tool detected the smell in this class because the class depends on too many dependencies. The total number of dependencies is: 11
crate,io.crate.metadata.settings,SettingsAppliers,Excessive Dependency,The tool detected the smell in this class because the class depends on too many dependencies. The total number of dependencies is: 15
crate,io.crate.metadata.settings,AbstractSettingsApplier,Global State,The tool detected the smell in this class because the class can be accessed as a `global` state.
crate,io.crate.metadata.settings,NumberSettingsApplier,Global State,The tool detected the smell in this class because the class can be accessed as a `global` state.
crate,io.crate.metadata.settings,BooleanSettingsApplier,Global State,The tool detected the smell in this class because the class can be accessed as a `global` state.
crate,io.crate.metadata.settings,IntSettingsApplier,Global State,The tool detected the smell in this class because the class can be accessed as a `global` state.
crate,io.crate.metadata.settings,ByteSizeSettingsApplier,Global State,The tool detected the smell in this class because the class can be accessed as a `global` state.
crate,io.crate.metadata.settings,StringSettingsApplier,Global State,The tool detected the smell in this class because the class can be accessed as a `global` state.
crate,io.crate.metadata.settings,TimeSettingsApplier,Global State,The tool detected the smell in this class because the class can be accessed as a `global` state.
crate,io.crate.metadata.settings,AnalyzerSettings,Global State,The tool detected the smell in this class because the class declares global variables. The detected global variables are: CUSTOM_ANALYSIS_SETTINGS_PREFIX; CUSTOM_ANALYSIS_SETTING_GROUP
crate,io.crate.metadata.settings,CrateSettings,Hard-wired Dependency,The tool detected the smell in this class because the class creates objects of concrete classes and uses them. Following concrete classes are instantiated and used: io.crate.metadata.settings.NestedSettingExpression
crate,io.crate.metadata.settings,CrateSettings,Global State,The tool detected the smell in this class because the class declares global variables. The detected global variables are: CRATE_CLUSTER_SETTINGS; BUILT_IN_SETTINGS
crate,io.crate.metadata.settings,CrateSettings,Excessive Dependency,The tool detected the smell in this class because the class depends on too many dependencies. The total number of dependencies is: 13
crate,io.crate.metadata.settings,CrateTableSettings,Global State,The tool detected the smell in this class because the class declares global variables. The detected global variables are: READ_ONLY; BLOCKS_READ; BLOCKS_WRITE; BLOCKS_METADATA; TOTAL_SHARDS_PER_NODE; TOTAL_FIELDS_LIMIT; ROUTING_ALLOCATION_ENABLE; SETTING_WAIT_FOR_ACTIVE_SHARDS; RECOVERY_INITIAL_SHARDS; FLUSH_THRESHOLD_SIZE; WARMER_ENABLED; TRANSLOG_SYNC_INTERVAL; TRANSLOG_DURABILITY; REFRESH_INTERVAL; UNASSIGNED_NODE_LEFT_DELAYED_TIMEOUT; ALLOCATION_MAX_RETRIES
crate,io.crate.metadata.settings.session,SessionSettingRegistry,Global State,The tool detected the smell in this class because the class declares global variables. The detected global variables are: SEARCH_PATH_KEY; SEMI_JOIN_KEY
crate,io.crate.metadata.sys,SysAllocationsTableInfo,Global State,The tool detected the smell in this class because the class declares global variables. The detected global variables are: IDENT
crate,io.crate.metadata.sys,SysAllocationsTableInfo,Excessive Dependency,The tool detected the smell in this class because the class depends on too many dependencies. The total number of dependencies is: 12
crate,io.crate.metadata.sys,Columns,Global State,The tool detected the smell in this class because the class can be accessed as a `global` state.
crate,io.crate.metadata.sys,SysShardsTableInfo,Global State,The tool detected the smell in this class because the class declares global variables. The detected global variables are: IDENT; ID; TABLE_NAME; PRIMARY; SIZE; ID; SCHEMA_NAME; TABLE_NAME; PARTITION_IDENT; NUM_DOCS; PRIMARY; RELOCATING_NODE; SIZE; STATE; ROUTING_STATE; ORPHAN_PARTITION; RECOVERY; PATH; BLOB_PATH; MIN_LUCENE_VERSION
crate,io.crate.metadata.sys,SysShardsTableInfo,Excessive Dependency,The tool detected the smell in this class because the class depends on too many dependencies. The total number of dependencies is: 23
crate,io.crate.metadata.sys,Columns,Global State,The tool detected the smell in this class because the class can be accessed as a `global` state.
crate,io.crate.metadata.sys,Columns,Global State,The tool detected the smell in this class because the class declares global variables. The detected global variables are: ID; TABLE_NAME; PRIMARY; SIZE
crate,io.crate.metadata.sys,ReferenceIdents,Global State,The tool detected the smell in this class because the class can be accessed as a `global` state.
crate,io.crate.metadata.sys,ReferenceIdents,Global State,The tool detected the smell in this class because the class declares global variables. The detected global variables are: ID; SCHEMA_NAME; TABLE_NAME; PARTITION_IDENT; NUM_DOCS; PRIMARY; RELOCATING_NODE; SIZE; STATE; ROUTING_STATE; ORPHAN_PARTITION; RECOVERY; PATH; BLOB_PATH; MIN_LUCENE_VERSION
crate,io.crate.metadata.sys,SysChecksTableInfo,Global State,The tool detected the smell in this class because the class declares global variables. The detected global variables are: IDENT; ID; DESCRIPTION
crate,io.crate.metadata.sys,SysChecksTableInfo,Excessive Dependency,The tool detected the smell in this class because the class depends on too many dependencies. The total number of dependencies is: 11
crate,io.crate.metadata.sys,Columns,Global State,The tool detected the smell in this class because the class can be accessed as a `global` state.
crate,io.crate.metadata.sys,Columns,Global State,The tool detected the smell in this class because the class declares global variables. The detected global variables are: ID; DESCRIPTION
crate,io.crate.metadata.sys,SysSummitsTableInfo,Global State,The tool detected the smell in this class because the class declares global variables. The detected global variables are: IDENT
crate,io.crate.metadata.sys,SysSummitsTableInfo,Excessive Dependency,The tool detected the smell in this class because the class depends on too many dependencies. The total number of dependencies is: 11
crate,io.crate.metadata.sys,Columns,Global State,The tool detected the smell in this class because the class can be accessed as a `global` state.
crate,io.crate.metadata.sys,SysRepositoriesTableInfo,Global State,The tool detected the smell in this class because the class declares global variables. The detected global variables are: IDENT; NAME; TYPE
crate,io.crate.metadata.sys,SysRepositoriesTableInfo,Excessive Dependency,The tool detected the smell in this class because the class depends on too many dependencies. The total number of dependencies is: 10
crate,io.crate.metadata.sys,Columns,Global State,The tool detected the smell in this class because the class can be accessed as a `global` state.
crate,io.crate.metadata.sys,Columns,Global State,The tool detected the smell in this class because the class declares global variables. The detected global variables are: NAME; TYPE
crate,io.crate.metadata.sys,SysSchemaInfo,Global State,The tool detected the smell in this class because the class declares global variables. The detected global variables are: NAME
crate,io.crate.metadata.sys,SysSchemaInfo,Excessive Dependency,The tool detected the smell in this class because the class depends on too many dependencies. The total number of dependencies is: 14
crate,io.crate.metadata.sys,SysJobsLogTableInfo,Global State,The tool detected the smell in this class because the class declares global variables. The detected global variables are: IDENT; ID; STARTED; ERROR
crate,io.crate.metadata.sys,SysJobsLogTableInfo,Excessive Dependency,The tool detected the smell in this class because the class depends on too many dependencies. The total number of dependencies is: 12
crate,io.crate.metadata.sys,Columns,Global State,The tool detected the smell in this class because the class can be accessed as a `global` state.
crate,io.crate.metadata.sys,Columns,Global State,The tool detected the smell in this class because the class declares global variables. The detected global variables are: ID; STARTED; ERROR
crate,io.crate.metadata.sys,SysNodesTableInfo,Global State,The tool detected the smell in this class because the class declares global variables. The detected global variables are: SYS_COL_NAME; IDENT; SYS_COL_ID; SYS_COL_NODE_NAME; SYS_COL_HOSTNAME; SYS_COL_REST_URL; SYS_COL_PORT; SYS_COL_LOAD; SYS_COL_MEM; SYS_COL_HEAP; SYS_COL_VERSION; SYS_COL_THREAD_POOLS; SYS_COL_NETWORK; SYS_COL_OS; SYS_COL_OS_INFO; SYS_COL_PROCESS; SYS_COL_FS; ID; NAME; HOSTNAME; REST_URL; PORT; LOAD; MEM; HEAP; VERSION; THREAD_POOLS; NETWORK; OS; OS_INFO; OS_INFO_JVM; PROCESS; FS
crate,io.crate.metadata.sys,SysNodesTableInfo,Excessive Dependency,The tool detected the smell in this class because the class depends on too many dependencies. The total number of dependencies is: 19
crate,io.crate.metadata.sys,Columns,Global State,The tool detected the smell in this class because the class can be accessed as a `global` state.
crate,io.crate.metadata.sys,Columns,Global State,The tool detected the smell in this class because the class declares global variables. The detected global variables are: ID; NAME; HOSTNAME; REST_URL; PORT; LOAD; MEM; HEAP; VERSION; THREAD_POOLS; NETWORK; OS; OS_INFO; OS_INFO_JVM; PROCESS; FS
crate,io.crate.metadata.sys,SysOperationsTableInfo,Global State,The tool detected the smell in this class because the class declares global variables. The detected global variables are: IDENT; ID; NAME; STARTED
crate,io.crate.metadata.sys,SysOperationsTableInfo,Excessive Dependency,The tool detected the smell in this class because the class depends on too many dependencies. The total number of dependencies is: 14
crate,io.crate.metadata.sys,Columns,Global State,The tool detected the smell in this class because the class can be accessed as a `global` state.
crate,io.crate.metadata.sys,Columns,Global State,The tool detected the smell in this class because the class declares global variables. The detected global variables are: ID; NAME; STARTED
crate,io.crate.metadata.sys,SysSnapshotsTableInfo,Global State,The tool detected the smell in this class because the class declares global variables. The detected global variables are: IDENT; NAME; STARTED; VERSION
crate,io.crate.metadata.sys,SysSnapshotsTableInfo,Excessive Dependency,The tool detected the smell in this class because the class depends on too many dependencies. The total number of dependencies is: 10
crate,io.crate.metadata.sys,Columns,Global State,The tool detected the smell in this class because the class can be accessed as a `global` state.
crate,io.crate.metadata.sys,Columns,Global State,The tool detected the smell in this class because the class declares global variables. The detected global variables are: NAME; STARTED; VERSION
crate,io.crate.metadata.sys,SysOperationsLogTableInfo,Global State,The tool detected the smell in this class because the class declares global variables. The detected global variables are: ID; NAME; STARTED; ERROR; IDENT
crate,io.crate.metadata.sys,SysOperationsLogTableInfo,Excessive Dependency,The tool detected the smell in this class because the class depends on too many dependencies. The total number of dependencies is: 11
crate,io.crate.metadata.sys,Columns,Global State,The tool detected the smell in this class because the class can be accessed as a `global` state.
crate,io.crate.metadata.sys,Columns,Global State,The tool detected the smell in this class because the class declares global variables. The detected global variables are: ID; NAME; STARTED; ERROR
crate,io.crate.metadata.sys,SysJobsTableInfo,Global State,The tool detected the smell in this class because the class declares global variables. The detected global variables are: IDENT; ID; STARTED
crate,io.crate.metadata.sys,SysJobsTableInfo,Excessive Dependency,The tool detected the smell in this class because the class depends on too many dependencies. The total number of dependencies is: 11
crate,io.crate.metadata.sys,Columns,Global State,The tool detected the smell in this class because the class can be accessed as a `global` state.
crate,io.crate.metadata.sys,Columns,Global State,The tool detected the smell in this class because the class declares global variables. The detected global variables are: ID; STARTED
crate,io.crate.metadata.sys,SysNodeChecksTableInfo,Global State,The tool detected the smell in this class because the class declares global variables. The detected global variables are: IDENT; ID; DESCRIPTION; ACKNOWLEDGED
crate,io.crate.metadata.sys,SysNodeChecksTableInfo,Excessive Dependency,The tool detected the smell in this class because the class depends on too many dependencies. The total number of dependencies is: 13
crate,io.crate.metadata.sys,Columns,Global State,The tool detected the smell in this class because the class can be accessed as a `global` state.
crate,io.crate.metadata.sys,Columns,Global State,The tool detected the smell in this class because the class declares global variables. The detected global variables are: ID; DESCRIPTION; ACKNOWLEDGED
crate,io.crate.metadata.sys,SysTableDefinitions,Excessive Dependency,The tool detected the smell in this class because the class depends on too many dependencies. The total number of dependencies is: 19
crate,io.crate.metadata.sys,SysClusterTableInfo,Global State,The tool detected the smell in this class because the class declares global variables. The detected global variables are: IDENT
crate,io.crate.metadata.sys,SysClusterTableInfo,Excessive Dependency,The tool detected the smell in this class because the class depends on too many dependencies. The total number of dependencies is: 13
crate,io.crate.metadata.sys,SysPrivilegesTableInfo,Excessive Dependency,The tool detected the smell in this class because the class depends on too many dependencies. The total number of dependencies is: 11
crate,io.crate.metadata.sys,PrivilegeRow,Global State,The tool detected the smell in this class because the class can be accessed as a `global` state.
crate,io.crate.metadata.sys,SysUsersTableInfo,Excessive Dependency,The tool detected the smell in this class because the class depends on too many dependencies. The total number of dependencies is: 10
crate,io.crate.metadata.information,InformationSqlFeaturesTableInfo,Global State,The tool detected the smell in this class because the class declares global variables. The detected global variables are: NAME; IDENT; FEATURE_ID; FEATURE_NAME; SUB_FEATURE_ID; SUB_FEATURE_NAME; IS_SUPPORTED; IS_VERIFIED_BY; COMMENTS; FEATURE_ID; FEATURE_NAME; SUB_FEATURE_ID; SUB_FEATURE_NAME; IS_SUPPORTED; IS_VERIFIED_BY; COMMENTS
crate,io.crate.metadata.information,InformationSqlFeaturesTableInfo,Excessive Dependency,The tool detected the smell in this class because the class depends on too many dependencies. The total number of dependencies is: 10
crate,io.crate.metadata.information,Columns,Global State,The tool detected the smell in this class because the class can be accessed as a `global` state.
crate,io.crate.metadata.information,Columns,Global State,The tool detected the smell in this class because the class declares global variables. The detected global variables are: FEATURE_ID; FEATURE_NAME; SUB_FEATURE_ID; SUB_FEATURE_NAME; IS_SUPPORTED; IS_VERIFIED_BY; COMMENTS
crate,io.crate.metadata.information,References,Global State,The tool detected the smell in this class because the class can be accessed as a `global` state.
crate,io.crate.metadata.information,References,Global State,The tool detected the smell in this class because the class declares global variables. The detected global variables are: FEATURE_ID; FEATURE_NAME; SUB_FEATURE_ID; SUB_FEATURE_NAME; IS_SUPPORTED; IS_VERIFIED_BY; COMMENTS
crate,io.crate.metadata.information,InformationReferentialConstraintsTableInfo,Global State,The tool detected the smell in this class because the class declares global variables. The detected global variables are: NAME; IDENT
crate,io.crate.metadata.information,InformationReferentialConstraintsTableInfo,Excessive Dependency,The tool detected the smell in this class because the class depends on too many dependencies. The total number of dependencies is: 10
crate,io.crate.metadata.information,Columns,Global State,The tool detected the smell in this class because the class can be accessed as a `global` state.
crate,io.crate.metadata.information,References,Global State,The tool detected the smell in this class because the class can be accessed as a `global` state.
crate,io.crate.metadata.information,InformationTableConstraintsTableInfo,Global State,The tool detected the smell in this class because the class declares global variables. The detected global variables are: NAME; IDENT; TABLE_NAME; TABLE_NAME
crate,io.crate.metadata.information,InformationTableConstraintsTableInfo,Excessive Dependency,The tool detected the smell in this class because the class depends on too many dependencies. The total number of dependencies is: 10
crate,io.crate.metadata.information,Columns,Global State,The tool detected the smell in this class because the class can be accessed as a `global` state.
crate,io.crate.metadata.information,Columns,Global State,The tool detected the smell in this class because the class declares global variables. The detected global variables are: TABLE_NAME
crate,io.crate.metadata.information,References,Global State,The tool detected the smell in this class because the class can be accessed as a `global` state.
crate,io.crate.metadata.information,References,Global State,The tool detected the smell in this class because the class declares global variables. The detected global variables are: TABLE_NAME
crate,io.crate.metadata.information,InformationSchemaIngestionRulesTableInfo,Global State,The tool detected the smell in this class because the class declares global variables. The detected global variables are: NAME; IDENT
crate,io.crate.metadata.information,InformationSchemaIngestionRulesTableInfo,Excessive Dependency,The tool detected the smell in this class because the class depends on too many dependencies. The total number of dependencies is: 10
crate,io.crate.metadata.information,Columns,Global State,The tool detected the smell in this class because the class can be accessed as a `global` state.
crate,io.crate.metadata.information,References,Global State,The tool detected the smell in this class because the class can be accessed as a `global` state.
crate,io.crate.metadata.information,InformationKeyColumnUsageTableInfo,Global State,The tool detected the smell in this class because the class declares global variables. The detected global variables are: NAME; IDENT
crate,io.crate.metadata.information,InformationKeyColumnUsageTableInfo,Excessive Dependency,The tool detected the smell in this class because the class depends on too many dependencies. The total number of dependencies is: 10
crate,io.crate.metadata.information,Columns,Global State,The tool detected the smell in this class because the class can be accessed as a `global` state.
crate,io.crate.metadata.information,References,Global State,The tool detected the smell in this class because the class can be accessed as a `global` state.
crate,io.crate.metadata.information,InformationColumnsTableInfo,Global State,The tool detected the smell in this class because the class declares global variables. The detected global variables are: NAME; IDENT; TABLE_NAME; COLUMN_NAME; TABLE_NAME; COLUMN_NAME
crate,io.crate.metadata.information,InformationColumnsTableInfo,Excessive Dependency,The tool detected the smell in this class because the class depends on too many dependencies. The total number of dependencies is: 17
crate,io.crate.metadata.information,Columns,Global State,The tool detected the smell in this class because the class can be accessed as a `global` state.
crate,io.crate.metadata.information,Columns,Global State,The tool detected the smell in this class because the class declares global variables. The detected global variables are: TABLE_NAME; COLUMN_NAME
crate,io.crate.metadata.information,References,Global State,The tool detected the smell in this class because the class can be accessed as a `global` state.
crate,io.crate.metadata.information,References,Global State,The tool detected the smell in this class because the class declares global variables. The detected global variables are: TABLE_NAME; COLUMN_NAME
crate,io.crate.metadata.information,InformationRoutinesTableInfo,Global State,The tool detected the smell in this class because the class declares global variables. The detected global variables are: NAME; IDENT
crate,io.crate.metadata.information,InformationRoutinesTableInfo,Excessive Dependency,The tool detected the smell in this class because the class depends on too many dependencies. The total number of dependencies is: 10
crate,io.crate.metadata.information,Columns,Global State,The tool detected the smell in this class because the class can be accessed as a `global` state.
crate,io.crate.metadata.information,References,Global State,The tool detected the smell in this class because the class can be accessed as a `global` state.
crate,io.crate.metadata.information,InformationSchemaTableDefinitions,Excessive Dependency,The tool detected the smell in this class because the class depends on too many dependencies. The total number of dependencies is: 13
crate,io.crate.metadata.information,InformationSchemaInfo,Global State,The tool detected the smell in this class because the class declares global variables. The detected global variables are: NAME
crate,io.crate.metadata.information,InformationSchemaInfo,Excessive Dependency,The tool detected the smell in this class because the class depends on too many dependencies. The total number of dependencies is: 10
crate,io.crate.metadata.information,InformationPartitionsTableInfo,Global State,The tool detected the smell in this class because the class declares global variables. The detected global variables are: NAME; IDENT; TABLE_NAME; VALUES; NUMBER_OF_REPLICAS
crate,io.crate.metadata.information,InformationPartitionsTableInfo,Excessive Dependency,The tool detected the smell in this class because the class depends on too many dependencies. The total number of dependencies is: 13
crate,io.crate.metadata.information,Columns,Global State,The tool detected the smell in this class because the class can be accessed as a `global` state.
crate,io.crate.metadata.information,References,Global State,The tool detected the smell in this class because the class can be accessed as a `global` state.
crate,io.crate.metadata.information,References,Global State,The tool detected the smell in this class because the class declares global variables. The detected global variables are: TABLE_NAME; VALUES; NUMBER_OF_REPLICAS
crate,io.crate.metadata.information,InformationTablesTableInfo,Global State,The tool detected the smell in this class because the class declares global variables. The detected global variables are: NAME; IDENT; TABLE_NAME; VALUES; NUMBER_OF_REPLICAS; TABLE_NAME; NUMBER_OF_REPLICAS
crate,io.crate.metadata.information,InformationTablesTableInfo,Excessive Dependency,The tool detected the smell in this class because the class depends on too many dependencies. The total number of dependencies is: 13
crate,io.crate.metadata.information,Columns,Global State,The tool detected the smell in this class because the class can be accessed as a `global` state.
crate,io.crate.metadata.information,Columns,Global State,The tool detected the smell in this class because the class declares global variables. The detected global variables are: TABLE_NAME; VALUES; NUMBER_OF_REPLICAS
crate,io.crate.metadata.information,References,Global State,The tool detected the smell in this class because the class can be accessed as a `global` state.
crate,io.crate.metadata.information,References,Global State,The tool detected the smell in this class because the class declares global variables. The detected global variables are: TABLE_NAME; NUMBER_OF_REPLICAS
crate,io.crate.metadata.information,InformationSchemataTableInfo,Global State,The tool detected the smell in this class because the class declares global variables. The detected global variables are: NAME; IDENT
crate,io.crate.metadata.information,InformationSchemataTableInfo,Excessive Dependency,The tool detected the smell in this class because the class depends on too many dependencies. The total number of dependencies is: 10
crate,io.crate.metadata.information,Columns,Global State,The tool detected the smell in this class because the class can be accessed as a `global` state.
crate,io.crate.metadata.information,References,Global State,The tool detected the smell in this class because the class can be accessed as a `global` state.
crate,io.crate.metadata.functions.params,FuncParams,Global State,The tool detected the smell in this class because the class declares global variables. The detected global variables are: NONE; SINGLE_ANY; SINGLE_NUMERIC; ANY_VAR_ARGS_SAME_TYPE
crate,io.crate.metadata.functions.params,Builder,Global State,The tool detected the smell in this class because the class can be accessed as a `global` state.
crate,io.crate.metadata.functions.params,Param,Global State,The tool detected the smell in this class because the class declares global variables. The detected global variables are: ANY; NUMERIC; ANY_ARRAY; ANY_SET; INTEGER; LONG; STRING; BOOLEAN
crate,io.crate.metadata.functions.params,FuncParamsTest,Excessive Dependency,The tool detected the smell in this class because the class depends on too many dependencies. The total number of dependencies is: 12
crate,io.crate.metadata.pgcatalog,PgTypeTable,Global State,The tool detected the smell in this class because the class declares global variables. The detected global variables are: IDENT
crate,io.crate.metadata.pgcatalog,PgTypeTable,Excessive Dependency,The tool detected the smell in this class because the class depends on too many dependencies. The total number of dependencies is: 11
crate,io.crate.metadata.pgcatalog,PgCatalogSchemaInfo,Global State,The tool detected the smell in this class because the class declares global variables. The detected global variables are: NAME
crate,io.crate.metadata.doc,DocTableInfo,Excessive Dependency,The tool detected the smell in this class because the class depends on too many dependencies. The total number of dependencies is: 13
crate,io.crate.metadata.doc,DocIndexMetaData,Excessive Dependency,The tool detected the smell in this class because the class depends on too many dependencies. The total number of dependencies is: 27
crate,io.crate.metadata.doc,DocSysColumns,Global State,The tool detected the smell in this class because the class declares global variables. The detected global variables are: ID; VERSION; SCORE; UID; DOC; RAW; FETCHID; ID; VERSION; SCORE; UID; DOC; RAW; FETCHID; COLUMN_IDENTS
crate,io.crate.metadata.doc,DocSysColumns,Excessive Dependency,The tool detected the smell in this class because the class depends on too many dependencies. The total number of dependencies is: 8
crate,io.crate.metadata.doc,Names,Global State,The tool detected the smell in this class because the class can be accessed as a `global` state.
crate,io.crate.metadata.doc,Names,Global State,The tool detected the smell in this class because the class declares global variables. The detected global variables are: ID; VERSION; SCORE; UID; DOC; RAW; FETCHID
crate,io.crate.metadata.doc,DocSchemaInfo,Global State,The tool detected the smell in this class because the class declares global variables. The detected global variables are: NAME
crate,io.crate.metadata.doc,DocSchemaInfo,Excessive Dependency,The tool detected the smell in this class because the class depends on too many dependencies. The total number of dependencies is: 9
crate,io.crate.metadata.doc,DocTableInfoBuilder,Excessive Dependency,The tool detected the smell in this class because the class depends on too many dependencies. The total number of dependencies is: 8
crate,io.crate.metadata.doc,DocSchemaInfoTest,Excessive Dependency,The tool detected the smell in this class because the class depends on too many dependencies. The total number of dependencies is: 8
crate,io.crate.metadata.doc,DocIndexMetaDataTest,Excessive Dependency,The tool detected the smell in this class because the class depends on too many dependencies. The total number of dependencies is: 24
crate,io.crate.metadata.doc,DocTableInfoTest,Excessive Dependency,The tool detected the smell in this class because the class depends on too many dependencies. The total number of dependencies is: 13
crate,io.crate.metadata.cluster,RenameTableClusterStateExecutor,Excessive Dependency,The tool detected the smell in this class because the class depends on too many dependencies. The total number of dependencies is: 8
crate,io.crate.metadata.table,Operation,Global State,The tool detected the smell in this class because the class declares global variables. The detected global variables are: ALL; SYS_READ_ONLY; READ_ONLY; OPEN_CLOSE_ONLY; BLOB_OPERATIONS; READ_DISABLED_OPERATIONS; WRITE_DISABLED_OPERATIONS; METADATA_DISABLED_OPERATIONS
crate,io.crate.metadata.table,ColumnPolicy,Global State,The tool detected the smell in this class because the class declares global variables. The detected global variables are: ES_MAPPING_NAME
crate,io.crate.metadata.table,TestingTableInfo,Excessive Dependency,The tool detected the smell in this class because the class depends on too many dependencies. The total number of dependencies is: 25
crate,io.crate.metadata.table,Builder,Global State,The tool detected the smell in this class because the class can be accessed as a `global` state.
crate,io.crate.metadata.table,Builder,Excessive Dependency,The tool detected the smell in this class because the class depends on too many dependencies. The total number of dependencies is: 18
crate,io.crate.execution.dml,ShardRequestExecutor,Excessive Dependency,The tool detected the smell in this class because the class depends on too many dependencies. The total number of dependencies is: 12
crate,io.crate.execution.dml,Item,Global State,The tool detected the smell in this class because the class can be accessed as a `global` state.
crate,io.crate.execution.dml,ShardResponse,Hard-wired Dependency,The tool detected the smell in this class because the class creates objects of concrete classes and uses them. Following concrete classes are instantiated and used: io.crate.execution.dml.Failure
crate,io.crate.execution.dml,Failure,Global State,The tool detected the smell in this class because the class can be accessed as a `global` state.
crate,io.crate.execution.dml.delete,Item,Global State,The tool detected the smell in this class because the class can be accessed as a `global` state.
crate,io.crate.execution.dml.delete,Builder,Global State,The tool detected the smell in this class because the class can be accessed as a `global` state.
crate,io.crate.execution.dml.delete,DeleteByIdTask,Excessive Dependency,The tool detected the smell in this class because the class depends on too many dependencies. The total number of dependencies is: 9
crate,io.crate.execution.dml.upsert,TransportShardUpsertAction,Excessive Dependency,The tool detected the smell in this class because the class depends on too many dependencies. The total number of dependencies is: 23
crate,io.crate.execution.dml.upsert,UpdateByIdTask,Excessive Dependency,The tool detected the smell in this class because the class depends on too many dependencies. The total number of dependencies is: 13
crate,io.crate.execution.dml.upsert,LegacyUpsertByIdTask,Excessive Dependency,The tool detected the smell in this class because the class depends on too many dependencies. The total number of dependencies is: 12
crate,io.crate.execution.dml.upsert,Item,Global State,The tool detected the smell in this class because the class can be accessed as a `global` state.
crate,io.crate.execution.dml.upsert,Builder,Global State,The tool detected the smell in this class because the class can be accessed as a `global` state.
crate,io.crate.execution.dml.upsert,TransportShardUpsertActionTest,Excessive Dependency,The tool detected the smell in this class because the class depends on too many dependencies. The total number of dependencies is: 16
crate,io.crate.execution.ddl,SnapshotRestoreDDLDispatcher,Hard-wired Dependency,The tool detected the smell in this class because the class creates objects of concrete classes and uses them. Following concrete classes are instantiated and used: io.crate.execution.ddl.ResolveIndicesAndTemplatesContext
crate,io.crate.execution.ddl,SnapshotRestoreDDLDispatcher,Excessive Dependency,The tool detected the smell in this class because the class depends on too many dependencies. The total number of dependencies is: 10
crate,io.crate.execution.ddl,DropTableTask,Excessive Dependency,The tool detected the smell in this class because the class depends on too many dependencies. The total number of dependencies is: 9
crate,io.crate.execution.ddl,RerouteActions,Excessive Dependency,The tool detected the smell in this class because the class depends on too many dependencies. The total number of dependencies is: 15
crate,io.crate.execution.ddl,DDLStatementDispatcher,Excessive Dependency,The tool detected the smell in this class because the class depends on too many dependencies. The total number of dependencies is: 39
crate,io.crate.execution.ddl,InnerVisitor,Excessive Dependency,The tool detected the smell in this class because the class depends on too many dependencies. The total number of dependencies is: 32
crate,io.crate.execution.ddl,AlterTableOperation,Excessive Dependency,The tool detected the smell in this class because the class depends on too many dependencies. The total number of dependencies is: 22
crate,io.crate.execution.ddl,RerouteActionsTest,Global State,The tool detected the smell in this class because the class declares global variables. The detected global variables are: BLOB_TABLE_INFO
crate,io.crate.execution.ddl,RerouteActionsTest,Excessive Dependency,The tool detected the smell in this class because the class depends on too many dependencies. The total number of dependencies is: 11
crate,io.crate.execution.engine.export,OutputS3,Hard-wired Dependency,The tool detected the smell in this class because the class creates objects of concrete classes and uses them. Following concrete classes are instantiated and used: io.crate.execution.engine.export.S3OutputStream
crate,io.crate.execution.engine.indexing,ShardDMLExecutor,Global State,The tool detected the smell in this class because the class declares global variables. The detected global variables are: DEFAULT_BULK_SIZE
crate,io.crate.execution.engine.indexing,ColumnIndexWriterProjector,Excessive Dependency,The tool detected the smell in this class because the class depends on too many dependencies. The total number of dependencies is: 13
crate,io.crate.execution.engine.indexing,IndexWriterProjector,Excessive Dependency,The tool detected the smell in this class because the class depends on too many dependencies. The total number of dependencies is: 15
crate,io.crate.execution.engine.indexing,ShardingUpsertExecutor,Hard-wired Dependency,The tool detected the smell in this class because the class creates objects of concrete classes and uses them. Following concrete classes are instantiated and used: io.crate.execution.engine.indexing.ShardResponseActionListener
crate,io.crate.execution.engine.indexing,ShardingUpsertExecutor,Global State,The tool detected the smell in this class because the class declares global variables. The detected global variables are: BULK_REQUEST_TIMEOUT_SETTING
crate,io.crate.execution.engine.indexing,ShardingUpsertExecutor,Excessive Dependency,The tool detected the smell in this class because the class depends on too many dependencies. The total number of dependencies is: 15
crate,io.crate.execution.engine.indexing,IndexWriterProjectorTest,Excessive Dependency,The tool detected the smell in this class because the class depends on too many dependencies. The total number of dependencies is: 16
crate,io.crate.execution.engine.indexing,IndexWriterProjectorUnitTest,Excessive Dependency,The tool detected the smell in this class because the class depends on too many dependencies. The total number of dependencies is: 15
crate,io.crate.execution.engine.sort,SortSymbolVisitor,Global State,The tool detected the smell in this class because the class declares global variables. The detected global variables are: LUCENE_TYPE_MAP
crate,io.crate.execution.engine.sort,SortSymbolVisitor,Excessive Dependency,The tool detected the smell in this class because the class depends on too many dependencies. The total number of dependencies is: 21
crate,io.crate.execution.engine.sort,SortingProjectorTest,Excessive Dependency,The tool detected the smell in this class because the class depends on too many dependencies. The total number of dependencies is: 8
crate,io.crate.execution.engine.collect,DocInputFactory,Excessive Dependency,The tool detected the smell in this class because the class depends on too many dependencies. The total number of dependencies is: 9
crate,io.crate.execution.engine.collect,JobCollectContext,Excessive Dependency,The tool detected the smell in this class because the class depends on too many dependencies. The total number of dependencies is: 9
crate,io.crate.execution.engine.collect,RowShardResolver,Excessive Dependency,The tool detected the smell in this class because the class depends on too many dependencies. The total number of dependencies is: 9
crate,io.crate.execution.engine.collect,BlobShardCollectorProvider,Excessive Dependency,The tool detected the smell in this class because the class depends on too many dependencies. The total number of dependencies is: 13
crate,io.crate.execution.engine.collect,ShardCollectorProvider,Excessive Dependency,The tool detected the smell in this class because the class depends on too many dependencies. The total number of dependencies is: 16
crate,io.crate.execution.engine.collect,RemoteCollectorFactory,Excessive Dependency,The tool detected the smell in this class because the class depends on too many dependencies. The total number of dependencies is: 12
crate,io.crate.execution.engine.collect,RowsTransformer,Excessive Dependency,The tool detected the smell in this class because the class depends on too many dependencies. The total number of dependencies is: 10
crate,io.crate.execution.engine.collect,LuceneShardCollectorProvider,Excessive Dependency,The tool detected the smell in this class because the class depends on too many dependencies. The total number of dependencies is: 18
crate,io.crate.execution.engine.collect,JobCollectContextTest,Excessive Dependency,The tool detected the smell in this class because the class depends on too many dependencies. The total number of dependencies is: 8
crate,io.crate.execution.engine.collect,HandlerSideLevelCollectTest,Excessive Dependency,The tool detected the smell in this class because the class depends on too many dependencies. The total number of dependencies is: 26
crate,io.crate.execution.engine.collect,MapSideDataCollectOperationTest,Excessive Dependency,The tool detected the smell in this class because the class depends on too many dependencies. The total number of dependencies is: 10
crate,io.crate.execution.engine.collect,DocLevelCollectTest,Excessive Dependency,The tool detected the smell in this class because the class depends on too many dependencies. The total number of dependencies is: 21
crate,io.crate.execution.engine.collect.stats,JobsLogService,Global State,The tool detected the smell in this class because the class declares global variables. The detected global variables are: STATS_ENABLED_SETTING; STATS_JOBS_LOG_SIZE_SETTING; STATS_JOBS_LOG_EXPIRATION_SETTING; STATS_OPERATIONS_LOG_SIZE_SETTING; STATS_OPERATIONS_LOG_EXPIRATION_SETTING
crate,io.crate.execution.engine.collect.stats,JobsLogService,Excessive Dependency,The tool detected the smell in this class because the class depends on too many dependencies. The total number of dependencies is: 11
crate,io.crate.execution.engine.collect.stats,JobsLogsTest,Excessive Dependency,The tool detected the smell in this class because the class depends on too many dependencies. The total number of dependencies is: 12
crate,io.crate.execution.engine.collect.sources,TableFunctionCollectSource,Excessive Dependency,The tool detected the smell in this class because the class depends on too many dependencies. The total number of dependencies is: 14
crate,io.crate.execution.engine.collect.sources,FileCollectSource,Excessive Dependency,The tool detected the smell in this class because the class depends on too many dependencies. The total number of dependencies is: 13
crate,io.crate.execution.engine.collect.sources,InformationSchemaIterables,Global State,The tool detected the smell in this class because the class declares global variables. The detected global variables are: PK_SUFFIX
crate,io.crate.execution.engine.collect.sources,InformationSchemaIterables,Excessive Dependency,The tool detected the smell in this class because the class depends on too many dependencies. The total number of dependencies is: 18
crate,io.crate.execution.engine.collect.sources,KeyColumnUsage,Global State,The tool detected the smell in this class because the class can be accessed as a `global` state.
crate,io.crate.execution.engine.collect.sources,SingleRowSource,Excessive Dependency,The tool detected the smell in this class because the class depends on too many dependencies. The total number of dependencies is: 10
crate,io.crate.execution.engine.collect.sources,NodeStatsCollectSource,Excessive Dependency,The tool detected the smell in this class because the class depends on too many dependencies. The total number of dependencies is: 17
crate,io.crate.execution.engine.collect.sources,ShardCollectSource,Excessive Dependency,The tool detected the smell in this class because the class depends on too many dependencies. The total number of dependencies is: 39
crate,io.crate.execution.engine.collect.sources,DirectFallbackExecutor,Global State,The tool detected the smell in this class because the class can be accessed as a `global` state.
crate,io.crate.execution.engine.collect.sources,SystemCollectSource,Excessive Dependency,The tool detected the smell in this class because the class depends on too many dependencies. The total number of dependencies is: 23
crate,io.crate.execution.engine.collect.sources,CollectSourceResolver,Excessive Dependency,The tool detected the smell in this class because the class depends on too many dependencies. The total number of dependencies is: 28
crate,io.crate.execution.engine.collect.sources,SystemCollectSourceTest,Excessive Dependency,The tool detected the smell in this class because the class depends on too many dependencies. The total number of dependencies is: 10
crate,io.crate.execution.engine.collect.files,S3FileInputFactory,Global State,The tool detected the smell in this class because the class declares global variables. The detected global variables are: NAME
crate,io.crate.execution.engine.collect.files,LocalFsFileInputFactory,Global State,The tool detected the smell in this class because the class declares global variables. The detected global variables are: NAME
crate,io.crate.execution.engine.collect.files,FileReadingIterator,Global State,The tool detected the smell in this class because the class declares global variables. The detected global variables are: MAX_SOCKET_TIMEOUT_RETRIES
crate,io.crate.execution.engine.collect.files,FileReadingIterator,Excessive Dependency,The tool detected the smell in this class because the class depends on too many dependencies. The total number of dependencies is: 8
crate,io.crate.execution.engine.collect.files,FileReadingCollectorTest,Excessive Dependency,The tool detected the smell in this class because the class depends on too many dependencies. The total number of dependencies is: 13
crate,io.crate.execution.engine.fetch,FetchRowInputSymbolVisitor,Excessive Dependency,The tool detected the smell in this class because the class depends on too many dependencies. The total number of dependencies is: 10
crate,io.crate.execution.engine.fetch,Context,Global State,The tool detected the smell in this class because the class can be accessed as a `global` state.
crate,io.crate.execution.engine.fetch,TransportFetchNodeAction,Excessive Dependency,The tool detected the smell in this class because the class depends on too many dependencies. The total number of dependencies is: 8
crate,io.crate.execution.engine.fetch,FetchBatchAccumulator,Excessive Dependency,The tool detected the smell in this class because the class depends on too many dependencies. The total number of dependencies is: 10
crate,io.crate.execution.engine.fetch,NodeFetchOperation,Hard-wired Dependency,The tool detected the smell in this class because the class creates objects of concrete classes and uses them. Following concrete classes are instantiated and used: io.crate.execution.engine.fetch.TableFetchInfo; io.crate.execution.engine.fetch.CollectRunnable
crate,io.crate.execution.engine.fetch,NodeFetchOperation,Excessive Dependency,The tool detected the smell in this class because the class depends on too many dependencies. The total number of dependencies is: 14
crate,io.crate.execution.engine.aggregation.impl,ArbitraryAggregation,Global State,The tool detected the smell in this class because the class declares global variables. The detected global variables are: NAME
crate,io.crate.execution.engine.aggregation.impl,AggregationImplModule,Excessive Dependency,The tool detected the smell in this class because the class depends on too many dependencies. The total number of dependencies is: 11
crate,io.crate.execution.engine.aggregation.impl,CollectSetAggregation,Global State,The tool detected the smell in this class because the class declares global variables. The detected global variables are: NAME
crate,io.crate.execution.engine.aggregation.impl,MinimumAggregation,Global State,The tool detected the smell in this class because the class declares global variables. The detected global variables are: NAME
crate,io.crate.execution.engine.aggregation.impl,AverageAggregation,Hard-wired Dependency,The tool detected the smell in this class because the class creates objects of concrete classes and uses them. Following concrete classes are instantiated and used: io.crate.execution.engine.aggregation.impl.AverageStateType; io.crate.execution.engine.aggregation.impl.AverageState
crate,io.crate.execution.engine.aggregation.impl,AverageAggregation,Global State,The tool detected the smell in this class because the class declares global variables. The detected global variables are: NAMES; NAME; ID
crate,io.crate.execution.engine.aggregation.impl,AverageAggregation,Excessive Dependency,The tool detected the smell in this class because the class depends on too many dependencies. The total number of dependencies is: 9
crate,io.crate.execution.engine.aggregation.impl,AverageState,Global State,The tool detected the smell in this class because the class can be accessed as a `global` state.
crate,io.crate.execution.engine.aggregation.impl,AverageStateType,Hard-wired Dependency,The tool detected the smell in this class because the class creates objects of concrete classes and uses them. Following concrete classes are instantiated and used: io.crate.execution.engine.aggregation.impl.AverageState
crate,io.crate.execution.engine.aggregation.impl,AverageStateType,Global State,The tool detected the smell in this class because the class can be accessed as a `global` state.
crate,io.crate.execution.engine.aggregation.impl,AverageStateType,Global State,The tool detected the smell in this class because the class declares global variables. The detected global variables are: ID
crate,io.crate.execution.engine.aggregation.impl,SumAggregation,Global State,The tool detected the smell in this class because the class declares global variables. The detected global variables are: NAME
crate,io.crate.execution.engine.aggregation.impl,StandardDeviationAggregation,Hard-wired Dependency,The tool detected the smell in this class because the class creates objects of concrete classes and uses them. Following concrete classes are instantiated and used: io.crate.execution.engine.aggregation.impl.StdDevStateType; io.crate.execution.engine.aggregation.impl.StdDevState
crate,io.crate.execution.engine.aggregation.impl,StandardDeviationAggregation,Global State,The tool detected the smell in this class because the class declares global variables. The detected global variables are: NAME; INSTANCE; ID
crate,io.crate.execution.engine.aggregation.impl,StandardDeviationAggregation,Excessive Dependency,The tool detected the smell in this class because the class depends on too many dependencies. The total number of dependencies is: 10
crate,io.crate.execution.engine.aggregation.impl,StdDevState,Global State,The tool detected the smell in this class because the class can be accessed as a `global` state.
crate,io.crate.execution.engine.aggregation.impl,StdDevStateType,Hard-wired Dependency,The tool detected the smell in this class because the class creates objects of concrete classes and uses them. Following concrete classes are instantiated and used: io.crate.execution.engine.aggregation.impl.StdDevState
crate,io.crate.execution.engine.aggregation.impl,StdDevStateType,Global State,The tool detected the smell in this class because the class can be accessed as a `global` state.
crate,io.crate.execution.engine.aggregation.impl,StdDevStateType,Global State,The tool detected the smell in this class because the class declares global variables. The detected global variables are: INSTANCE; ID
crate,io.crate.execution.engine.aggregation.impl,VarianceAggregation,Hard-wired Dependency,The tool detected the smell in this class because the class creates objects of concrete classes and uses them. Following concrete classes are instantiated and used: io.crate.execution.engine.aggregation.impl.VarianceStateType; io.crate.execution.engine.aggregation.impl.VarianceState
crate,io.crate.execution.engine.aggregation.impl,VarianceAggregation,Global State,The tool detected the smell in this class because the class declares global variables. The detected global variables are: NAME; INSTANCE; ID
crate,io.crate.execution.engine.aggregation.impl,VarianceAggregation,Excessive Dependency,The tool detected the smell in this class because the class depends on too many dependencies. The total number of dependencies is: 10
crate,io.crate.execution.engine.aggregation.impl,VarianceState,Global State,The tool detected the smell in this class because the class can be accessed as a `global` state.
crate,io.crate.execution.engine.aggregation.impl,VarianceStateType,Hard-wired Dependency,The tool detected the smell in this class because the class creates objects of concrete classes and uses them. Following concrete classes are instantiated and used: io.crate.execution.engine.aggregation.impl.VarianceState
crate,io.crate.execution.engine.aggregation.impl,VarianceStateType,Global State,The tool detected the smell in this class because the class can be accessed as a `global` state.
crate,io.crate.execution.engine.aggregation.impl,VarianceStateType,Global State,The tool detected the smell in this class because the class declares global variables. The detected global variables are: INSTANCE; ID
crate,io.crate.execution.engine.aggregation.impl,GeometricMeanAggregation,Hard-wired Dependency,The tool detected the smell in this class because the class creates objects of concrete classes and uses them. Following concrete classes are instantiated and used: io.crate.execution.engine.aggregation.impl.GeometricMeanState; io.crate.execution.engine.aggregation.impl.GeometricMeanStateType
crate,io.crate.execution.engine.aggregation.impl,GeometricMeanAggregation,Global State,The tool detected the smell in this class because the class declares global variables. The detected global variables are: NAME; INSTANCE; ID
crate,io.crate.execution.engine.aggregation.impl,GeometricMeanAggregation,Excessive Dependency,The tool detected the smell in this class because the class depends on too many dependencies. The total number of dependencies is: 9
crate,io.crate.execution.engine.aggregation.impl,GeometricMeanState,Global State,The tool detected the smell in this class because the class can be accessed as a `global` state.
crate,io.crate.execution.engine.aggregation.impl,GeometricMeanStateType,Hard-wired Dependency,The tool detected the smell in this class because the class creates objects of concrete classes and uses them. Following concrete classes are instantiated and used: io.crate.execution.engine.aggregation.impl.GeometricMeanState
crate,io.crate.execution.engine.aggregation.impl,GeometricMeanStateType,Global State,The tool detected the smell in this class because the class can be accessed as a `global` state.
crate,io.crate.execution.engine.aggregation.impl,GeometricMeanStateType,Global State,The tool detected the smell in this class because the class declares global variables. The detected global variables are: INSTANCE; ID
crate,io.crate.execution.engine.aggregation.impl,CountAggregation,Hard-wired Dependency,The tool detected the smell in this class because the class creates objects of concrete classes and uses them. Following concrete classes are instantiated and used: io.crate.execution.engine.aggregation.impl.LongStateType
crate,io.crate.execution.engine.aggregation.impl,CountAggregation,Global State,The tool detected the smell in this class because the class declares global variables. The detected global variables are: NAME; COUNT_STAR_FUNCTION; ID; INSTANCE
crate,io.crate.execution.engine.aggregation.impl,CountAggregation,Excessive Dependency,The tool detected the smell in this class because the class depends on too many dependencies. The total number of dependencies is: 15
crate,io.crate.execution.engine.aggregation.impl,LongState,Global State,The tool detected the smell in this class because the class can be accessed as a `global` state.
crate,io.crate.execution.engine.aggregation.impl,LongStateType,Global State,The tool detected the smell in this class because the class can be accessed as a `global` state.
crate,io.crate.execution.engine.aggregation.impl,LongStateType,Global State,The tool detected the smell in this class because the class declares global variables. The detected global variables are: ID; INSTANCE
crate,io.crate.execution.engine.aggregation.impl,MaximumAggregation,Global State,The tool detected the smell in this class because the class declares global variables. The detected global variables are: NAME
crate,io.crate.execution.engine.distribution,StreamBucket,Hard-wired Dependency,The tool detected the smell in this class because the class creates objects of concrete classes and uses them. Following concrete classes are instantiated and used: io.crate.execution.engine.distribution.Builder
crate,io.crate.execution.engine.distribution,Builder,Hard-wired Dependency,The tool detected the smell in this class because the class creates objects of concrete classes and uses them. Following concrete classes are instantiated and used: io.crate.execution.engine.distribution.StreamBucket
crate,io.crate.execution.engine.distribution,Builder,Global State,The tool detected the smell in this class because the class can be accessed as a `global` state.
crate,io.crate.execution.engine.distribution,DistributingConsumerFactory,Excessive Dependency,The tool detected the smell in this class because the class depends on too many dependencies. The total number of dependencies is: 10
crate,io.crate.execution.engine.distribution,TransportDistributedResultAction,Excessive Dependency,The tool detected the smell in this class because the class depends on too many dependencies. The total number of dependencies is: 10
crate,io.crate.execution.engine.distribution,DistributingConsumer,Excessive Dependency,The tool detected the smell in this class because the class depends on too many dependencies. The total number of dependencies is: 9
crate,io.crate.execution.engine.distribution,DistributingConsumerTest,Excessive Dependency,The tool detected the smell in this class because the class depends on too many dependencies. The total number of dependencies is: 11
crate,io.crate.execution.engine.distribution,DistributingConsumerFactoryTest,Excessive Dependency,The tool detected the smell in this class because the class depends on too many dependencies. The total number of dependencies is: 16
crate,io.crate.execution.dsl.projection,SourceIndexWriterProjection,Excessive Dependency,The tool detected the smell in this class because the class depends on too many dependencies. The total number of dependencies is: 9
crate,io.crate.execution.dsl.projection,AbstractIndexWriterProjection,Global State,The tool detected the smell in this class because the class declares global variables. The detected global variables are: BULK_SIZE_DEFAULT
crate,io.crate.execution.dsl.projection,MergeCountProjection,Global State,The tool detected the smell in this class because the class declares global variables. The detected global variables are: INSTANCE
crate,io.crate.execution.dsl.projection,OrderedTopNProjection,Excessive Dependency,The tool detected the smell in this class because the class depends on too many dependencies. The total number of dependencies is: 8
crate,io.crate.execution.dsl.projection,TopNProjection,Excessive Dependency,The tool detected the smell in this class because the class depends on too many dependencies. The total number of dependencies is: 8
crate,io.crate.execution.dsl.projection,WriterProjection,Global State,The tool detected the smell in this class because the class declares global variables. The detected global variables are: DIRECTORY_TO_FILENAME
crate,io.crate.execution.dsl.projection,WriterProjection,Excessive Dependency,The tool detected the smell in this class because the class depends on too many dependencies. The total number of dependencies is: 16
crate,io.crate.execution.dsl.projection,FilterProjection,Excessive Dependency,The tool detected the smell in this class because the class depends on too many dependencies. The total number of dependencies is: 8
crate,io.crate.execution.dsl.projection,ColumnIndexWriterProjection,Excessive Dependency,The tool detected the smell in this class because the class depends on too many dependencies. The total number of dependencies is: 10
crate,io.crate.execution.dsl.projection,ProjectionVisitor,Excessive Dependency,The tool detected the smell in this class because the class depends on too many dependencies. The total number of dependencies is: 15
crate,io.crate.execution.dsl.projection,GroupProjection,Excessive Dependency,The tool detected the smell in this class because the class depends on too many dependencies. The total number of dependencies is: 8
crate,io.crate.execution.dsl.projection,ColumnIndexWriterProjectionTest,Excessive Dependency,The tool detected the smell in this class because the class depends on too many dependencies. The total number of dependencies is: 8
crate,io.crate.execution.dsl.projection.builder,InputColumns,Excessive Dependency,The tool detected the smell in this class because the class depends on too many dependencies. The total number of dependencies is: 9
crate,io.crate.execution.dsl.projection.builder,SourceSymbols,Global State,The tool detected the smell in this class because the class can be accessed as a `global` state.
crate,io.crate.execution.dsl.projection.builder,ProjectionBuilder,Excessive Dependency,The tool detected the smell in this class because the class depends on too many dependencies. The total number of dependencies is: 12
crate,io.crate.execution.dsl.projection.builder,SplitPointVisitor,Hard-wired Dependency,The tool detected the smell in this class because the class creates objects of concrete classes and uses them. Following concrete classes are instantiated and used: io.crate.execution.dsl.projection.builder.Context
crate,io.crate.execution.dsl.projection.builder,SplitPointVisitor,Excessive Dependency,The tool detected the smell in this class because the class depends on too many dependencies. The total number of dependencies is: 9
crate,io.crate.execution.dsl.phases,NestedLoopPhase,Excessive Dependency,The tool detected the smell in this class because the class depends on too many dependencies. The total number of dependencies is: 9
crate,io.crate.execution.dsl.phases,RoutedCollectPhase,Excessive Dependency,The tool detected the smell in this class because the class depends on too many dependencies. The total number of dependencies is: 15
crate,io.crate.execution.dsl.phases,ExecutionPhase,Global State,The tool detected the smell in this class because the class declares global variables. The detected global variables are: VALUES
crate,io.crate.execution.dsl.phases,Type,Global State,The tool detected the smell in this class because the class declares global variables. The detected global variables are: VALUES
crate,io.crate.execution.dsl.phases,ExecutionPhaseVisitor,Excessive Dependency,The tool detected the smell in this class because the class depends on too many dependencies. The total number of dependencies is: 10
crate,io.crate.execution.dsl.phases,NodeOperation,Global State,The tool detected the smell in this class because the class declares global variables. The detected global variables are: NO_DOWNSTREAM
crate,io.crate.execution.support,Paging,Global State,The tool detected the smell in this class because the class declares global variables. The detected global variables are: PAGE_SIZE
crate,org.elasticsearch.action.admin.indices.create,TransportCreatePartitionsAction,Global State,The tool detected the smell in this class because the class declares global variables. The detected global variables are: NAME
crate,org.elasticsearch.index.mapper,ArrayMapper,Global State,The tool detected the smell in this class because the class declares global variables. The detected global variables are: CONTENT_TYPE; INNER_TYPE
crate,org.elasticsearch.index.mapper,Builder,Global State,The tool detected the smell in this class because the class can be accessed as a `global` state.
crate,io.crate.integrationtests,SnapshotRestoreIntegrationTest,Global State,The tool detected the smell in this class because the class declares global variables. The detected global variables are: TEMPORARY_FOLDER
crate,io.crate.integrationtests,DummyFunction,Global State,The tool detected the smell in this class because the class can be accessed as a `global` state.
crate,io.crate.integrationtests,DummyLang,Global State,The tool detected the smell in this class because the class can be accessed as a `global` state.
crate,io.crate.integrationtests,IngestionServiceIntegrationTest,Hard-wired Dependency,The tool detected the smell in this class because the class creates objects of concrete classes and uses them. Following concrete classes are instantiated and used: io.crate.integrationtests.TestIngestRuleListener
crate,io.crate.integrationtests,IngestionServiceIntegrationTest,Excessive Dependency,The tool detected the smell in this class because the class depends on too many dependencies. The total number of dependencies is: 15
crate,io.crate.integrationtests,TestIngestRuleListener,Excessive Dependency,The tool detected the smell in this class because the class depends on too many dependencies. The total number of dependencies is: 14
crate,io.crate.integrationtests,SysSnapshotsTest,Global State,The tool detected the smell in this class because the class declares global variables. The detected global variables are: TEMP_FOLDER
crate,io.crate.integrationtests,SQLTransportIntegrationTest,Excessive Dependency,The tool detected the smell in this class because the class depends on too many dependencies. The total number of dependencies is: 30
crate,io.crate.integrationtests,PlanForNode,Global State,The tool detected the smell in this class because the class can be accessed as a `global` state.
crate,io.crate.integrationtests,SysRepositoriesServiceTest,Global State,The tool detected the smell in this class because the class declares global variables. The detected global variables are: TEMP_FOLDER
crate,io.crate.integrationtests,PartitionedTableIntegrationTest,Excessive Dependency,The tool detected the smell in this class because the class depends on too many dependencies. The total number of dependencies is: 9
crate,io.crate.integrationtests,RepositoryIntegrationTest,Global State,The tool detected the smell in this class because the class declares global variables. The detected global variables are: TEMPORARY_FOLDER
crate,io.crate.integrationtests,TableBlocksIntegrationTest,Global State,The tool detected the smell in this class because the class declares global variables. The detected global variables are: TEMPORARY_FOLDER
crate,io.crate.integrationtests,TransportSQLActionClassLifecycleTest,Excessive Dependency,The tool detected the smell in this class because the class depends on too many dependencies. The total number of dependencies is: 9
crate,io.crate.integrationtests,RecoveryTests,Excessive Dependency,The tool detected the smell in this class because the class depends on too many dependencies. The total number of dependencies is: 9
crate,io.crate.integrationtests,RecoveryTestThreadFilter,Global State,The tool detected the smell in this class because the class can be accessed as a `global` state.
crate,io.crate.integrationtests,PrivilegesIntegrationTest,Excessive Dependency,The tool detected the smell in this class because the class depends on too many dependencies. The total number of dependencies is: 8
crate,io.crate.testing,T3,Global State,The tool detected the smell in this class because the class declares global variables. The detected global variables are: T1_INFO; TR_1; T2_INFO; TR_2; T3_INFO; TR_3; T4_INFO; TR_4; T1; T2; T3; T4; RELATIONS; SOURCES
crate,io.crate.testing,T3,Excessive Dependency,The tool detected the smell in this class because the class depends on too many dependencies. The total number of dependencies is: 8
crate,io.crate.testing,Result,Global State,The tool detected the smell in this class because the class can be accessed as a `global` state.
crate,io.crate.testing,TestingHelpers,Excessive Dependency,The tool detected the smell in this class because the class depends on too many dependencies. The total number of dependencies is: 16
crate,io.crate.testing,SQLExecutor,Excessive Dependency,The tool detected the smell in this class because the class depends on too many dependencies. The total number of dependencies is: 40
crate,io.crate.testing,Builder,Global State,The tool detected the smell in this class because the class can be accessed as a `global` state.
crate,io.crate.testing,Builder,Excessive Dependency,The tool detected the smell in this class because the class depends on too many dependencies. The total number of dependencies is: 22
crate,io.crate.testing,SymbolMatchers,Excessive Dependency,The tool detected the smell in this class because the class depends on too many dependencies. The total number of dependencies is: 8
crate,io.crate.testing,SQLPrinter,Hard-wired Dependency,The tool detected the smell in this class because the class creates objects of concrete classes and uses them. Following concrete classes are instantiated and used: io.crate.testing.TestingSymbolPrinter
crate,io.crate.testing,DataTypeTesting,Excessive Dependency,The tool detected the smell in this class because the class depends on too many dependencies. The total number of dependencies is: 15
crate,io.crate.testing,SleepScalarFunction,Global State,The tool detected the smell in this class because the class declares global variables. The detected global variables are: NAME
crate,io.crate.testing,SqlExpressions,Excessive Dependency,The tool detected the smell in this class because the class depends on too many dependencies. The total number of dependencies is: 13
crate,io.crate.testing,SQLTransportExecutor,Hard-wired Dependency,The tool detected the smell in this class because the class creates objects of concrete classes and uses them. Following concrete classes are instantiated and used: io.crate.testing.ResultSetReceiver
crate,io.crate.testing,SQLTransportExecutor,Global State,The tool detected the smell in this class because the class declares global variables. The detected global variables are: DEFAULT_SOFT_LIMIT; REQUEST_TIMEOUT
crate,io.crate.testing,SQLTransportExecutor,Excessive Dependency,The tool detected the smell in this class because the class depends on too many dependencies. The total number of dependencies is: 19
crate,io.crate.metadata.doc.array,ArrayMapperTest,Global State,The tool detected the smell in this class because the class declares global variables. The detected global variables are: INDEX; TYPE
crate,io.crate,Build,Global State,The tool detected the smell in this class because the class declares global variables. The detected global variables are: CURRENT
crate,io.crate,Constants,Global State,The tool detected the smell in this class because the class declares global variables. The detected global variables are: DEFAULT_MAPPING_TYPE; HTTP_PORT_RANGE; TRANSPORT_PORT_RANGE; MAX_SHARD_MISSING_RETRIES; KEYSTORE_DEFAULT_TYPE
crate,io.crate,Version,Global State,The tool detected the smell in this class because the class declares global variables. The detected global variables are: SNAPSHOT; CURRENT; CRATEDB_VERSION_KEY; ES_VERSION_KEY
crate,org.apache.lucene.index,AssertingLeafReader,Hard-wired Dependency,The tool detected the smell in this class because the class creates objects of concrete classes and uses them. Following concrete classes are instantiated and used: org.apache.lucene.index.AssertingBits
crate,org.apache.lucene.index,AssertingFields,Global State,The tool detected the smell in this class because the class can be accessed as a `global` state.
crate,org.apache.lucene.index,AssertingTerms,Global State,The tool detected the smell in this class because the class can be accessed as a `global` state.
crate,org.apache.lucene.index,AssertingPostingsEnum,Global State,The tool detected the smell in this class because the class can be accessed as a `global` state.
crate,org.apache.lucene.index,AssertingNumericDocValues,Global State,The tool detected the smell in this class because the class can be accessed as a `global` state.
crate,org.apache.lucene.index,AssertingBinaryDocValues,Global State,The tool detected the smell in this class because the class can be accessed as a `global` state.
crate,org.apache.lucene.index,AssertingSortedDocValues,Global State,The tool detected the smell in this class because the class can be accessed as a `global` state.
crate,org.apache.lucene.index,AssertingSortedNumericDocValues,Global State,The tool detected the smell in this class because the class can be accessed as a `global` state.
crate,org.apache.lucene.index,AssertingRandomAccessOrds,Global State,The tool detected the smell in this class because the class can be accessed as a `global` state.
crate,org.apache.lucene.index,AssertingSortedSetDocValues,Global State,The tool detected the smell in this class because the class can be accessed as a `global` state.
crate,org.apache.lucene.index,AssertingBits,Global State,The tool detected the smell in this class because the class can be accessed as a `global` state.
crate,io.crate.core,StringUtils,Global State,The tool detected the smell in this class because the class declares global variables. The detected global variables are: PATH_SPLITTER; PATH_JOINER
crate,io.crate.settings,SharedSettings,Global State,The tool detected the smell in this class because the class declares global variables. The detected global variables are: ENTERPRISE_LICENSE_SETTING; LICENSE_IDENT_SETTING
crate,io.crate.geo,GeoJSONUtils,Hard-wired Dependency,The tool detected the smell in this class because the class creates objects of concrete classes and uses them. Following concrete classes are instantiated and used: io.crate.geo.GeoJSONMapConverter
crate,io.crate.geo,GeoJSONUtils,Global State,The tool detected the smell in this class because the class declares global variables. The detected global variables are: COORDINATES_FIELD; TYPE_FIELD; POINT; LINE_STRING; POLYGON
crate,io.crate.geo,GeoJSONUtilsTest,Global State,The tool detected the smell in this class because the class declares global variables. The detected global variables are: SHAPES
crate,io.crate.module,JavaScriptLanguageModule,Global State,The tool detected the smell in this class because the class declares global variables. The detected global variables are: LANG_JS_ENABLED
crate,io.crate.monitor,ExtendedNetworkInfo,Global State,The tool detected the smell in this class because the class declares global variables. The detected global variables are: NA_INTERFACE
crate,io.crate.monitor,Interface,Global State,The tool detected the smell in this class because the class can be accessed as a `global` state.
crate,io.crate.monitor,Path,Global State,The tool detected the smell in this class because the class can be accessed as a `global` state.
crate,io.crate.monitor,Stats,Global State,The tool detected the smell in this class because the class can be accessed as a `global` state.
crate,io.crate.monitor,SysInfo,Hard-wired Dependency,The tool detected the smell in this class because the class creates objects of concrete classes and uses them. Following concrete classes are instantiated and used: io.crate.monitor.Builder
crate,io.crate.monitor,Tcp,Global State,The tool detected the smell in this class because the class can be accessed as a `global` state.
crate,io.crate.monitor,ThreadPools,Hard-wired Dependency,The tool detected the smell in this class because the class creates objects of concrete classes and uses them. Following concrete classes are instantiated and used: io.crate.monitor.ThreadPoolExecutorContext
crate,io.crate.monitor,ThreadPoolExecutorContext,Global State,The tool detected the smell in this class because the class can be accessed as a `global` state.
crate,io.crate.monitor,Cpu,Global State,The tool detected the smell in this class because the class can be accessed as a `global` state.
crate,io.crate.monitor,CgroupMem,Global State,The tool detected the smell in this class because the class can be accessed as a `global` state.
crate,io.crate.rest,CrateRestMainAction,Global State,The tool detected the smell in this class because the class declares global variables. The detected global variables are: PATH; ES_API_ENABLED_SETTING
crate,io.crate.rest,RestFilter,Global State,The tool detected the smell in this class because the class can be accessed as a `global` state.
crate,io.crate.protocols.http,HttpBlobHandler,Global State,The tool detected the smell in this class because the class declares global variables. The detected global variables are: BLOBS_PATTERN
crate,io.crate.protocols.http,HttpAuthUpstreamHandler,Excessive Dependency,The tool detected the smell in this class because the class depends on too many dependencies. The total number of dependencies is: 9
crate,io.crate.test.integration,CrateDummyClusterServiceUnitTest,Global State,The tool detected the smell in this class because the class declares global variables. The detected global variables are: NODE_ID
crate,io.crate.test,CauseOfCauseMatcher,Global State,The tool detected the smell in this class because the class can be accessed as a `global` state.
crate,io.crate.blob,BlobContainer,Global State,The tool detected the smell in this class because the class declares global variables. The detected global variables are: PREFIXES
crate,io.crate.blob,RemoteDigestBlob,Excessive Dependency,The tool detected the smell in this class because the class depends on too many dependencies. The total number of dependencies is: 10
crate,io.crate.blob,StartBlobAction,Global State,The tool detected the smell in this class because the class declares global variables. The detected global variables are: INSTANCE; NAME
crate,io.crate.blob,DeleteBlobAction,Global State,The tool detected the smell in this class because the class declares global variables. The detected global variables are: INSTANCE; NAME
crate,io.crate.blob,BlobTransferTarget,Excessive Dependency,The tool detected the smell in this class because the class depends on too many dependencies. The total number of dependencies is: 13
crate,io.crate.blob,PutChunkAction,Global State,The tool detected the smell in this class because the class declares global variables. The detected global variables are: INSTANCE; NAME
crate,io.crate.blob,BlobContainerTest,Global State,The tool detected the smell in this class because the class declares global variables. The detected global variables are: temporaryFolder
crate,io.crate.blob.transfer,BlobHeadRequestHandler,Global State,The tool detected the smell in this class because the class declares global variables. The detected global variables are: GET_BLOB_HEAD; GET_TRANSFER_INFO; PUT_BLOB_HEAD_CHUNK
crate,io.crate.blob.transfer,Actions,Global State,The tool detected the smell in this class because the class can be accessed as a `global` state.
crate,io.crate.blob.transfer,Actions,Global State,The tool detected the smell in this class because the class declares global variables. The detected global variables are: GET_BLOB_HEAD; GET_TRANSFER_INFO; PUT_BLOB_HEAD_CHUNK
crate,io.crate.blob.recovery,BlobRecoveryHandler,Excessive Dependency,The tool detected the smell in this class because the class depends on too many dependencies. The total number of dependencies is: 9
crate,io.crate.blob.v2,BlobIndicesService,Global State,The tool detected the smell in this class because the class declares global variables. The detected global variables are: SETTING_INDEX_BLOBS_ENABLED; SETTING_INDEX_BLOBS_PATH; SETTING_BLOBS_PATH
crate,org.elasticsearch.indices.recovery,BlobRecoveryTarget,Global State,The tool detected the smell in this class because the class declares global variables. The detected global variables are: FINALIZE_RECOVERY; DELETE_FILE; START_RECOVERY; START_PREFIX; TRANSFER_CHUNK; START_TRANSFER
crate,org.elasticsearch.indices.recovery,BlobRecoveryTarget,Excessive Dependency,The tool detected the smell in this class because the class depends on too many dependencies. The total number of dependencies is: 13
crate,org.elasticsearch.indices.recovery,Actions,Global State,The tool detected the smell in this class because the class can be accessed as a `global` state.
crate,org.elasticsearch.indices.recovery,Actions,Global State,The tool detected the smell in this class because the class declares global variables. The detected global variables are: FINALIZE_RECOVERY; DELETE_FILE; START_RECOVERY; START_PREFIX; TRANSFER_CHUNK; START_TRANSFER
crate,io.crate.udc.service,UDCService,Global State,The tool detected the smell in this class because the class declares global variables. The detected global variables are: UDC_ENABLED_SETTING; UDC_URL_SETTING; UDC_INITIAL_DELAY_SETTING; UDC_INTERVAL_SETTING
crate,io.crate.protocols.ssl,SslConfigSettings,Global State,The tool detected the smell in this class because the class declares global variables. The detected global variables are: SSL_HTTP_ENABLED; SSL_PSQL_ENABLED; SSL_TRUSTSTORE_FILEPATH; SSL_TRUSTSTORE_PASSWORD; SSL_KEYSTORE_FILEPATH; SSL_KEYSTORE_PASSWORD; SSL_KEYSTORE_KEY_PASSWORD
crate,io.crate.protocols.ssl,SslConfiguration,Hard-wired Dependency,The tool detected the smell in this class because the class creates objects of concrete classes and uses them. Following concrete classes are instantiated and used: io.crate.protocols.ssl.KeyStoreSettings
crate,io.crate.scalar.systeminformation,UserFunction,Global State,The tool detected the smell in this class because the class declares global variables. The detected global variables are: CURRENT_USER_FUNCTION_NAME; SESSION_USER_FUNCTION_NAME
crate,io.crate.mqtt.netty,Netty4MqttServerTransport,Global State,The tool detected the smell in this class because the class declares global variables. The detected global variables are: MQTT_ENABLED_SETTING; SSL_MQTT_ENABLED; MQTT_PORT_SETTING; MQTT_TIMEOUT_SETTING
crate,io.crate.mqtt.netty,Netty4MqttServerTransport,Excessive Dependency,The tool detected the smell in this class because the class depends on too many dependencies. The total number of dependencies is: 14
crate,io.crate.mqtt.protocol,MqttProcessor,Hard-wired Dependency,The tool detected the smell in this class because the class creates objects of concrete classes and uses them. Following concrete classes are instantiated and used: io.crate.mqtt.protocol.SendPubAckCallback
crate,io.crate.mqtt.operations,MqttIngestService,Global State,The tool detected the smell in this class because the class declares global variables. The detected global variables are: SOURCE_IDENT
crate,io.crate.mqtt.operations,MqttIngestService,Excessive Dependency,The tool detected the smell in this class because the class depends on too many dependencies. The total number of dependencies is: 23
crate,io.crate.beans,QueryStats,Hard-wired Dependency,The tool detected the smell in this class because the class creates objects of concrete classes and uses them. Following concrete classes are instantiated and used: io.crate.beans.Metric
crate,io.crate.beans,QueryStats,Global State,The tool detected the smell in this class because the class declares global variables. The detected global variables are: NAME
crate,io.crate.sql,ExpressionFormatter,Hard-wired Dependency,The tool detected the smell in this class because the class creates objects of concrete classes and uses them. Following concrete classes are instantiated and used: io.crate.sql.Formatter
crate,io.crate.sql,ExpressionFormatter,Excessive Dependency,The tool detected the smell in this class because the class depends on too many dependencies. The total number of dependencies is: 50
crate,io.crate.sql,Formatter,Global State,The tool detected the smell in this class because the class can be accessed as a `global` state.
crate,io.crate.sql,Formatter,Excessive Dependency,The tool detected the smell in this class because the class depends on too many dependencies. The total number of dependencies is: 49
crate,io.crate.sql,SqlFormatter,Excessive Dependency,The tool detected the smell in this class because the class depends on too many dependencies. The total number of dependencies is: 48
crate,io.crate.sql,Formatter,Excessive Dependency,The tool detected the smell in this class because the class depends on too many dependencies. The total number of dependencies is: 49
crate,io.crate.sql.parser,AstBuilder,Excessive Dependency,The tool detected the smell in this class because the class depends on too many dependencies. The total number of dependencies is: 26
crate,io.crate.sql.parser,SqlParser,Global State,The tool detected the smell in this class because the class declares global variables. The detected global variables are: INSTANCE
crate,io.crate.sql.tree,AstVisitor,Excessive Dependency,The tool detected the smell in this class because the class depends on too many dependencies. The total number of dependencies is: 133
crate,io.crate.sql.tree,IndexColumnConstraint,Global State,The tool detected the smell in this class because the class declares global variables. The detected global variables are: OFF
crate,io.crate.sql.tree,DefaultTraversalVisitor,Excessive Dependency,The tool detected the smell in this class because the class depends on too many dependencies. The total number of dependencies is: 44
crate,io.crate.sql.tree,GenericProperties,Global State,The tool detected the smell in this class because the class declares global variables. The detected global variables are: EMPTY
crate,io.crate.sql.tree,Literal,Excessive Dependency,The tool detected the smell in this class because the class depends on too many dependencies. The total number of dependencies is: 8
crate,io.crate.sql.tree,BooleanLiteral,Global State,The tool detected the smell in this class because the class declares global variables. The detected global variables are: TRUE_LITERAL; FALSE_LITERAL
crate,io.crate.sql.tree,Type,Global State,The tool detected the smell in this class because the class can be accessed as a `global` state.
crate,io.crate.sql.tree,NullLiteral,Global State,The tool detected the smell in this class because the class declares global variables. The detected global variables are: INSTANCE
crate,io.crate.discovery,SrvUnicastHostsProvider,Global State,The tool detected the smell in this class because the class declares global variables. The detected global variables are: DISCOVERY_SRV_QUERY; DISCOVERY_SRV_RESOLVER
crate,io.crate.azure,AzureConfiguration,Global State,The tool detected the smell in this class because the class declares global variables. The detected global variables are: AZURE; VNET; SUBNET
crate,io.crate.azure.management,AzureComputeService,Global State,The tool detected the smell in this class because the class declares global variables. The detected global variables are: SUBSCRIPTION_ID; RESOURCE_GROUP_NAME; TENANT_ID; APP_ID; APP_SECRET; REFRESH; HOST_TYPE; DISCOVERY_METHOD
crate,io.crate.azure.management,Management,Global State,The tool detected the smell in this class because the class declares global variables. The detected global variables are: SUBSCRIPTION_ID; RESOURCE_GROUP_NAME; TENANT_ID; APP_ID; APP_SECRET
crate,io.crate.azure.management,Discovery,Global State,The tool detected the smell in this class because the class declares global variables. The detected global variables are: REFRESH; HOST_TYPE; DISCOVERY_METHOD
crate,io.crate.azure.discovery,HostType,Global State,The tool detected the smell in this class because the class can be accessed as a `global` state.
